state_100 = {
	provinces = {
3
116
433
1421
3593
4189 
}} 
 state_566 = {
	provinces = {
4
964
1125
3425
3432
3578
3699
3709
4895
5949
6299
6980
8255
8342
9598 
}} 
 state_395 = {
	provinces = {
5
272
631
2178
4993 
}} 
 state_410 = {
	provinces = {
6
32
666
4054
4058
4068
4316
4416
5002
5085
5998
7337
7955
9738
9837 
}} 
 state_252 = {
	provinces = {
7
280
539
552
604
1847
1861
2058
2115
2482
2752
2803
2817
3300
3314
3419
3423
4011
4179
5064
5656
5670
6279
6796
7279
9126
9243
9318 
}} 
 state_250 = {
	provinces = {
8
645
912
917
1531
2786
3385
3394
5450
8349
9284
9430 
}} 
 state_797 = {
	provinces = {
9
1320
1383
1985
1996
6368
7047
7759
8277
9432
10165 
}} 
 state_715 = {
	provinces = {
10
285
290
291
507
914
921
1373
1381
1422
1428
1530
1816
1818
1986
2442
2448
2715
2721
4089
4098
4275
4727
4735
4917
4968
5069
5179
5403
5574
5585
5676
5683
6014
6025
6137
6139
6201
6644
7169
7637
7640
7762
7881
7894
8347
8355
8473
8485
8605
8608
9023
9026
9217
9231
9342
9410
9434
9746
9758
10013
10167 
}} 
 state_457 = {
	provinces = {
11
22
86
1704
1715
1763
2297
2360
2732
3387
3932
3986
4434
5125
5687
6149
6304
6790
6838
7444
7502
7563
7571
8024
8211
8220
9449 
}} 
 state_554 = {
	provinces = {
12
344
457
465
642
2369
2613
2620
2986
2988
3230
3595
5393
5400
5798
6011
6013
6143
6155
6307
6410
6418
6658
6772
6786
6932
6939
7160
7289
7300
7441
7629
8951
8959
9085
9096
9683
9809
9819
9943
9952 
}} 
 state_212 = {
	provinces = {
13
91
945
2123
2687
2966
4303
5558
5926
6859
7917
7956
7974
8108
8124
8495
8584
8609
8923
8976
9300
9498
9514
9568 
}} 
 state_689 = {
	provinces = {
14
236
247
470
867
1328
1342
1947
4812
5236
5844
5851
7171
7896
8432
8598
8610
9147
9426
9441 
}} 
 state_296 = {
	provinces = {
15
656
1646
3984
6128
6194
9425
9831
10017 
}} 
 state_547 = {
	provinces = {
16
29
513
576
1104
1195
2371
4881
6740
9445 
}} 
 state_2 = {
	provinces = {
17
20
74
646
658
1196
1812
2561
4152
7060
8542
8617
9350
9367
87
748
1189
1219
1392
3787
8558
8621
9276
10020
10107
10129 
}} 
 state_570 = {
	provinces = {
18
1926
2630
3232
4679
6992
7770
8471
10016 
}} 
 state_493 = {
	provinces = {
19
644
655
1148
1218
1264
1774
2374
5494
6103
6121
6733
7378
8059
8768
8785
9463 
}} 
 state_511 = {
	provinces = {
21
3273
3460
6337 
}} 
 state_788 = {
	provinces = {
23
38
107
376
411
516
566
714
934
984
1199
1336
1593
1603
1937
2088
2099
2192
8251
8625
8642
8847
8905
9244
9312
9375
9437
9454
9886
9904
9961
10029
10114 
}} 
 state_310 = {
	provinces = {
24
367
382
1001
1032
1971
2589
2605
4133
4860
5646
5662
5780
6393
8292
8693
8712
8728
9596 
}} 
 state_585 = {
	provinces = {
25
372
387
1127
1552
1895
1915
2402
2435
2529
2537
2546
3752
3926
3997
4012
4334
5215
6283
6285
6562
6618
6678
6823
6908
7150
7177
8740
8745
8949
9048
9052
9380
9476 
}} 
 state_216 = {
	provinces = {
26
157
414
430
583
652
667
771
1158
1227
1325
1722
1769
1784
1939
2312
2508
2992
9457 
}} 
 state_785 = {
	provinces = {
27
183
650
653
806
879
1262
1489
1492
2086
2098
2722
6312
6468
6477
7099
7108
7816
7825
9343
9355
9621
9637
10097
10101 
}} 
 state_717 = {
	provinces = {
28
31
654
1160
1399
1669
1773
1992
2005
2253
2267
2269
2273
2567
2578
2626
2904
3320
3912
4169
4173
4292
4294
4976
4990
5103
5308
5706
5721
5913
5917
6317
6530
8308
8326
8499
9049
9053
9460 
}} 
 state_112 = {
	provinces = {
30
40
93
97
309
486
651
1569
1684
1696
1908
1910
2216
3201
3452
3466
3720
3733
3782
3799
4010
4122
4341
4614
4893
5051
5652
5667
5979
5996
6595
6610
6612
6627
7020
7245
7657
7675
7729
8360
8377
9456
9459
9461
9533
9608
9777
9784
9912
10123
10141 
}} 
 state_121 = {
	provinces = {
33
1232
1277
1776
1878
2321
2997
6165
6746
7393
8095
8110 
}} 
 state_170 = {
	provinces = {
34
2170
2521
2538
4617
4694
5039
5056
5986
6910
7185
7266
9056
9468 
}} 
 state_50 = {
	provinces = {
35
659
673
4049
4064
5642
5645
6963 
}} 
 state_623 = {
	provinces = {
36
733
1239
1963
2213
2861
3099
3192
3747
4393
4408
4641
6674
6916
6961
7342
7593
7666
7745
8804
9108
9520 
}} 
 state_587 = {
	provinces = {
37
53
2146
4995
6917
7165
7180
7591
7594
7889
9471 
}} 
 state_3 = {
	provinces = {
39
43
955
1293
1307
1616
1921
2866
2879
3463
3470
3477
4067
5120
5611
5621
5649
5665
6275
6542
6711
6971
7933
8246
8263
8737
9458
9473 
}} 
 state_440 = {
	provinces = {
41
384
474
1003
1385
1656
1672
1771
2255
2592
2606
3995
3999
4043
4056
4662
5436
9982 
}} 
 state_352 = {
	provinces = {
42
287
692
1563
1650
1655
2166
2179
2367
2370
2455
4365
4635
4636
4804
5072
5319
5332
5928
5943
7268
7557
7561
8319
8336
8640
9157
9373
9391
9959 
}} 
 state_259 = {
	provinces = {
44
802
1357
2556
2802
2816
3168
3478
3480
4071
4644
6280
6294
6988
7543
7930
8339
8643
9067
9376
9474
9477
10052 
}} 
 state_594 = {
	provinces = {
45
325
942
994
1009
1274
1617
2156
2531
2535
3139
3155
4356
4631
5034
5323
6281
6904
6923
7236
7243
7261
7263
7579
8562
9465
9767 
}} 
 state_236 = {
	provinces = {
46
1635
3218
3226
3804
5610
5947
6213
7604
7620
7975
8324
9479 
}} 
 state_227 = {
	provinces = {
47
3141
3157
5053 
}} 
 state_4 = {
	provinces = {
48
60
674
688
1637
2875
3158
3741
3755
4715
5671
6284
6297
6912
7085
7283
7688
7695
8000
8394
8402
9788 
}} 
 state_692 = {
	provinces = {
49
605
620
623
950
1228
2336
3171
4014
5307
6216
6219
6552
6846
7608
8652 
}} 
 state_626 = {
	provinces = {
50
318
1409
1745
1753
2024
2227
2712
2859
2873
3050
3143
3808
4410
4701
4902
4992
5172
5302
5595
5644
5713
5728
5774
6000
6336
6605
6620
6982
7096
7516
7590
7609
7669
7685
7800
7980
7986
8061
8141
9130
9517
9848
9863 
}} 
 state_707 = {
	provinces = {
51
117
1017
2604
3008
3222
3537
5106
5777
6052
6055
6208
7246
7961
8639
8810
9417 
}} 
 state_198 = {
	provinces = {
52
159
662
2352
2864
2972
3461
4412
4426
4710
6074
8450
8462
9248 
}} 
 state_748 = {
	provinces = {
54
63
164
211
270
487
1023
1258
1854
1923
2176
2238
2328
3170
3313
4174
4572
4638
4729
5227
5389
5391
5508
5622
5658
6237
7275
7623
7925
7936
7984
8002
8186
8529
8653
9069
9327
9488
9802
9804
10076 
}} 
 state_5 = {
	provinces = {
55
142
1580
1840
1942
2577
3970
5685
6578
8626
9716
9732
9795
10151 
}} 
 state_538 = {
	provinces = {
56
109
1639
2230
2232
2540
2865
2877
3145
3162
3729
3759
4363
5988
6004
6607
6622
6623
6633
7616
8373
9040
9058
9773
9792 
}} 
 state_433 = {
	provinces = {
57
1074
1081
1980
3416
3429
3811
3874
4477
4707
4718
5374
6060
6069
6411
6920
6931
7601
7678
7691
8395
9135
10155
5237
7515
4384
700
8416
8472
7438
5737
3399
3389 
}} 
 state_6 = {
	provinces = {
58
336
389
1618
3760
5669
5952 
}} 
 state_36 = {
	provinces = {
59
386
440
993
1470
2224
3202
3817
6070
7993
8699
9919
9934 
}} 
 state_533 = {
	provinces = {
61
963
1571
1741
3742
3756
4026
6266
6567
7192
7622
7712
7985
8329
8880
9382
10143 
}} 
 state_235 = {
	provinces = {
62
845
1919
2288
3215
6710
7044
8337
4569
3557
4321
4596 
}} 
 state_542 = {
	provinces = {
64
70
123
399
697
703
1024
1313
1318
1653
2665
3825
4378
4432
4437
4815
5067
5073
5126
5397
5679
5736
6017
6429
6639
7055
7284
8088
9079
9082
9491
9562
9812 
}} 
 state_89 = {
	provinces = {
65
77
418
558
694
699
710
808
821
1192
1194
1314
1322
1324
1432
1434
2035
2140
2186
2196
2564
2668
2678
2837
3712
3928
4540
4594
4666
4811
5010
5282
5449
5461
5573
5896
6190
6197
6517
7001
7163
7432
7697
7711
7873
8147
8287
8406
8413
8429
8541
8555
8756
9485
9892 
}} 
 state_329 = {
	provinces = {
66
944
1630
4353
4366
5123
5677
6572
8703
9537
9540 
}} 
 state_672 = {
	provinces = {
178
188
572
997
1329
2082
2087
2301
2316
2717
2723
2936
2945
3335
3556
3713
4319
4324
5124
5131
5520
5626
5639
5746
5902
6135
6141
6253
6358
6518
6526
6770
6779
6884
6895
7315
7698
7875
8006
8022
8030
8160
8470
8891
8904
9145
9208
9216
9358
9495
9807
9940
9946
10104 
}} 
 state_197 = {
	provinces = {
68
233
916
929
1536
2851
2987
3441
3453
4041
4291
4972
4975
7213
7220
8957 
}} 
 state_619 = {
	provinces = {
69
3123
3227
3236
4597
7282
7290
7702 
}} 
 state_754 = {
	provinces = {
71
804
8901
8918
9563
9704 
}} 
 state_416 = {
	provinces = {
72
92
757
769
1380
5127
5129
6417 
}} 
 state_469 = {
	provinces = {
73
397
404
567
1441
1589
1598
1765
1875
2038
2311
2498
2507
2772
2940
3437
3448
3767
3823
3980
3987
4038
4144
4544
4589
4960
5016
5137
5233
5289
5898
6010
6416
6523
6637
6824
6882
7003
7436
7758
7830
8826
9289
9493
9872
9883
10091 
}} 
 state_745 = {
	provinces = {
75
2836
2849
3447
5846
7572
7576
9406
9408
9506 
}} 
 state_577 = {
	provinces = {
76
269
544
709
747
1169
1202
1463
1790
2120
2129
2491
2496
3102
3113
3216
3221
4031
4234
4249
4640
4652
4892
5253
5331
6421
6608
6870
7057
7208
7495
7532
7549
7610
7624
7864
7910
8050
8052
8053
8121
8174
8183
8559
8711
8790
9421
9852
10109 
}} 
 state_384 = {
	provinces = {
78
1557
2147
2908
3444
3455
3505
3985
4841
5408 
}} 
 state_341 = {
	provinces = {
79
701
1999
3897
4495
4509
8474
8667
9218 
}} 
 state_710 = {
	provinces = {
80
94
704
1002
1106
1343
1948
2007
2580
2785
6613
7244
8857
9163
9182
9184
9500
9575
9903 
}} 
 state_528 = {
	provinces = {
81
782
785
1738
1740
2245
3568
3854
4198
4530
4539
4545
4864
6384
6399
6529
6721
7158
7415
7453
8117
8155
8670
8682
9691 
}} 
 state_429 = {
	provinces = {
82
1089
1703
1712
4267
4439
4908
4915
5024
5283
5285
7456
7754
8600
8613 
}} 
 state_7 = {
	provinces = {
83
657
671
1881
3024
3603 
}} 
 state_8 = {
	provinces = {
84
99
5358
5373
7008
7022
7392
7719
8055
9838 
}} 
 state_650 = {
	provinces = {
85
1330
2515
3137
7466
8113
8116
8839
8842
9560
9576 
}}  
 state_9 = {
	provinces = {
88
104
720
3509
4472
4678
6257
6271
6967
7652 
}} 
 state_638 = {
	provinces = {
89
139
154
2060
2973
3573
3801
3847
3862
4007
5210
5223
7073
7182
7352
7420
7588
7915
7967
8070
8122
8701
8723
8865
9269
9415
9511
9570
9690
10033
10053 
}} 
 state_159 = {
	provinces = {
90
110
728
2341
4186
4561
5841
7497
7614
8938
9370
9627 
}} 
 state_571 = {
	provinces = {
95
298
705
718
1095
1473
4233
4376
4829
4910
5217
5493
5523
6147
6198
6210
6376
6837
6852
7002
7007
7514
7592
7651
7699
8517
8952
9033
9174
9223
9240
9412
9752
9816
9956
9973 
}} 
 state_220 = {
	provinces = {
96
1069
2281
2287
3027
3791
3842
3846
4230
5733
5812
5825
6437
6969
6985
7674
8069
8791
8795
9532
9547 
}} 
 state_758 = {
	provinces = {
98
112
113
121
1107
4688
4708
5052
5371
6973
6987
7262
8400
9611 
}} 
 state_55 = {
	provinces = {
100
732
735
1747
2584
2600
2637
3219
3247
3261
4185
5488
6098
6115
6374
6390
7005
8803
8853
9160
9179
9523
9572
9590
9893
9900
9978 
}} 
 state_262 = {
	provinces = {
101
972
1673
1689
1755
2258
3270
3517
3521
4042
5775
6036
6701
6886
8458
8786
9172
9897 
}} 
 state_773 = {
	provinces = {
102
798
1411
3584
5560
6453
9129
9927 
}} 
 state_51 = {
	provinces = {
103
677
1626
2610
3207
8275
9326
10031 
}} 
 state_113 = {
	provinces = {
105
220
1412
1693
2278
2347
3263
3275
3861
4901
5501
7671
7687
7798
9322
9545 
}} 
 state_363 = {
	provinces = {
106
713
741
775
1354
1356
1891
2279
2797
2928
3401
3415
3678
4009
4121
4135
4705
5369
5384
7542
8320
8371
8376
9720
9899 
}} 
 state_668 = {
	provinces = {
108
119
447
1270
1676
1679
2257
2629
3522
3845
8405
8789
9527
9800
9929
9939 
}} 
 state_148 = {
	provinces = {
111
120
2221
2233
4791
5722
5732
8013 
}} 
 state_93 = {
	provinces = {
114
1346
1360
1962
8818 
}} 
 state_459 = {
	provinces = {
115
118
746
1370
1967
3220
3223
4422
5726
6873
6990
7535
8241
8259
8808
9541 
}} 
 state_119 = {
	provinces = {
122
1767
1825
2363
2447
4665
6472
7101
7519
7575
9036
9744
10032 
}} 
 state_308 = {
	provinces = {
124
186
231
240
819
1886
2506
2520
2835
3436
3445
4035
4097
4101
4734
4748
4869
5399
5459
5468
5483
5897
5908
7639
7653
8354
8827
8829
9554
9564
9743
9750 
}} 
 state_268 = {
	provinces = {
125
127
750
2239
2246
2883
2885
3025
3486
3494
3508
3612
3766
4091
4102
4374
4381
4737
4751
5402
5456
6300
6303
6310
6412
6422
6950
7048
7058
8283
8666
9555
9567 
}} 
 state_635 = {
	provinces = {
126
138
2195
2199
3827
4433
6481
6887
7939
7949
8665
8759
8772 
}} 
 state_264 = {
	provinces = {
128
824
1339
1352
1953
2001
2335
2726
3525
4116
4131
4790
6114
7743
8854
9834
9851 
}} 
 state_495 = {
	provinces = {
129
751
2379
6140
6413
7723
8222
8237
8352
9694 
}} 
 state_764 = {
	provinces = {
130
135
765
875
1484
1602
1933
3714
4325
4337
8164
8182
8239
8860
8915
8985
9579
9703
9756 
}} 
 state_443 = {
	provinces = {
131
145
810
814
1427
1438
2036
2254
2889
5446
5454
5462
5473
5516
6084
6585
7105
7118
7822
8417
9146
9148
9561
9577
9870 
}} 
 state_96 = {
	provinces = {
132
341
346
754
1371
1931
2558
2676
2882
2890
2939
3298
3433
3542
3548
3876
4821
5464
5956
6305
6356
6366
6714
6719
6997
7321
7627
8010
8154
8166
8897
8899
9215
9227 
}} 
 state_647 = {
	provinces = {
133
7328
7344
8044
8048
9503
9580 
}} 
 state_682 = {
	provinces = {
134
559
749
756
1431
1443
2033
2736
3336
3344
4045
5411
6012
6023
6093
6107
6724
8536
8538 
}} 
 state_56 = {
	provinces = {
136
698
755
816
8443
9636
9653 
}} 
 state_755 = {
	provinces = {
137
151
476
480
1100
2893
2907
2968
3243
3257
3504
3570
4161
5202
6105
7026
7418
7707
7722
7792
8120
9581
9585 
}} 
 state_81 = {
	provinces = {
140
203
350
362
519
568
711
715
1099
1152
1273
1657
1708
1757
2244
2256
8720
9440
9591
10117 
}} 
 state_10 = {
	provinces = {
141
204
208
1731
1793
2342
3306
3310
3644
3833
5827
5873
6438
6802
7850
9593
9664
9971
10043
10063 
}} 
 state_770 = {
	provinces = {
143
759
763
2190
2685
5964
6581
7049
8037
8763
9761
9873 
}} 
 state_772 = {
	provinces = {
144
147
424
546
717
764
1048
1341
1453
1718
1734
2050
2063
3203
3785
5552
5565
8198
8927
9895 
}} 
 state_11 = {
	provinces = {
146 
}} 
 state_603 = {
	provinces = {
148
425
441
1047
1062
1408
1457
1471
1670
1686
1735
1749
1916
2006
2268
2644
2705
2903
2918
3582
3866
3977
4087
4124
4452
4528
5169
5214
5492
5613
5673
5769
6033
6397
6459
6636
6760
7357
7410
7487
7718
7804
8057
8132
8513
9187
9482
9671
9731
9734
9794
9920
9980
9998 
}} 
 state_398 = {
	provinces = {
149
3725
5020
5451
5521
5532
6024 
}} 
 state_581 = {
	provinces = {
150
166
1050
1065
1113
1126
2646
2921
3256
3918
4188
5171
5759
6761
7090
7412
7738
8441 
}} 
 state_669 = {
	provinces = {
152
435
494
1115
2016
3594
4181
4685
5730
7740
8068
8444
8448
9602
9930 
}} 
 state_437 = {
	provinces = {
153
169
5413
5757
6021
8103
8118
8449
9888 
}} 
 state_12 = {
	provinces = {
155
160
444
1666
1681
2915
3814
3865
4886
5781
6389
7654
7978
9475
9529 
}} 
 state_38 = {
	provinces = {
156
162
484
499
761
776
959
2322
2958
3848
4445
4507
4523
4853
4872
5050
5506
6117
6738
6752
7389
7480
7785 
}} 
 state_699 = {
	provinces = {
161
172
549
1682
1797
2655
2763
3539
3806
4714
5175
5273
5782
6619
6676
7693
8401
8463
8741
9196 
}} 
 state_756 = {
	provinces = {
163
2343
2354
2930
2977
3529
3534
3925
6396
6407
7662
9597 
}} 
 state_279 = {
	provinces = {
165
672
676
1282
1297
1897
1913
3160
3739
3743
4077
4343
6270
7414
7428
8133
8144
8691
8710
8726
8743
8801
9181
9424
9450
9599 
}} 
 state_15 = {
	provinces = {
167
170
219
228
602
786
1243
2346
2356
2970
3654
5837
7522
7527
7865
8809
9191
9204 
}} 
 state_630 = {
	provinces = {
168
262
772
1128
1582
4192
7863
7866
7923
7935
8265
8940
9175
9659
9675 
}} 
 state_665 = {
	provinces = {
171
678
789
799
1018
1299
1628
1899
3475
4065
5097
5114
5715
6704
6707
7030
7350
7365
7611
8313
8317
9194
9206
9914 
}} 
 state_420 = {
	provinces = {
173
2662
4789
5178
6708
7353
7433
9616 
}} 
 state_271 = {
	provinces = {
174
1732
2075
2700
3659
4253
4527
5226
5280
8648 
}} 
 state_671 = {
	provinces = {
175
1064
1076
1417
1420
2274
2290
3869
4126
4138
4468
4785
5380
5504
5787
6398
6408
7027
8459
8783
8871
8876
8879
9189
9203
9535
9612
9922 
}} 
 state_591 = {
	provinces = {
176
184
296
801
918
3063
3076
3490
5084
6469
6470
7214
7222
7960
8274
8285
8673 
}} 
 state_139 = {
	provinces = {
177
577
592
630
887
1494
1510
2018
2103
2469
2473
3080
3095
3111
3347
3363
3683
3872
4298
4464
5250
5316
5598
5921
6209
6856
7034
7042
7127
7366
7530
7831
7848
7911
8071
8655
8979
9385
10055
10127
10132
10152 
}} 
 state_383 = {
	provinces = {
179
190
809
1496
2089
2151
4167
4830
4837
8092
8825 
}} 
 state_688 = {
	provinces = {
180
192
1045
1217
1652
1811
2242
3190
3769
3773
4377
4813
4831
5339
5345
5955
5966
6251
6891
7694
7700
8111
8290
8407
8599
8837
8840
9017
9031
9336
9344 
}} 
 state_461 = {
	provinces = {
181
194
453
455
803
805
811
817
1079
1083
1084
1094
1378
1430
1486
1706
1707
1991
2084
2092
2611
2618
3179
3228
3489
3491
3886
4088
4095
4273
4486
4488
4499
4796
4814
4905
4913
5183
5187
5445
5447
5475
5517
5526
5792
6080
6089
6409
6720
6730
7377
8087
8409
8420
8755
8821
9143
9274
9280
9620
9634
9938
9944
10024 
}} 
 state_655 = {
	provinces = {
182
7598
8171
8300
8431
8969
9102
9633
9757 
}} 
 state_749 = {
	provinces = {
185
767
1319
1331
8788
9505
9522
1932
1934 
}} 
 state_116 = {
	provinces = {
187
1729
2320
3345
3361
6735
7178
7600
7673
7882 
}} 
 state_74 = {
	provinces = {
189
251
267
369
822
998
1554
1605
1620
1972
2144
2158
2204
2724
2777
5433
6624
9715 
}} 
 state_105 = {
	provinces = {
191
889
1164
1452
1497
1766
4020
9316
9667
10046 
}} 
 state_400 = {
	provinces = {
193
259
766
781
1389
1391
2581
3191
5023
5628
9650 
}} 
 state_704 = {
	provinces = {
195
210
471
828
4339
7409
7713
7730
8127
8438
8777
8781
9241
9516
9960
9979 
}} 
 state_129 = {
	provinces = {
196
815
891
1394
1500
1503
1545
1559
1993
2095
2138
2153
2616
2627
2731
2850
2862
3351
3462
3774
3931
5351
6588 
}} 
 state_83 = {
	provinces = {
197
601
834
849
1111
1173
1460
1736
1782
1798
2326
2383
2707
3084
3417
4517
4876
4880
5200
5260
5817
5819
6874
7473
7791
7806
8624
8859
8933
9578
9651
9655
9702 
}} 
 state_65 = {
	provinces = {
198
245
865
926
1429
1440
8436
8557
9161
9180
9760
9778
9877 
}} 
 state_654 = {
	provinces = {
199
263
1234
1249
1573
1788
1863
2472
2679
2793
4637
5315
6682
7140
7194
7206
7773
8170
9397
10131
10149 
}} 
 state_320 = {
	provinces = {
200
3947
3951
4055
4278
4290
4550
4971
7382
7904
8631
9518 
}} 
 state_771 = {
	provinces = {
201
217
442
540
907
1109
3028
3976
5543
6174
6800
7481
7788
8218
9314
9884 
}} 
 state_422 = {
	provinces = {
202
1848
3393
3404
3993
5203
7346
7958
8554
8683
8958
8971
9921 
}} 
 state_254 = {
	provinces = {
205
253
257
515
529
579
595
812
826
874
1150
1255
1437
2046
2049
3427
3434
6224
7103
9649
10066
10135 
}} 
 state_338 = {
	provinces = {
206
4484
5239
5252
5857
5907
7225
7877
8093
8098 
}} 
 state_393 = {
	provinces = {
207
542
1900
2055
2407
2412
3657
3907
4119
4504
4890
4940
4946
6436
6450
6789
6819
7780
7853
7868
7908
8501 
}} 
 state_16 = {
	provinces = {
209
221
2397
3380
3546
8526
9257 
}} 
 state_13 = {
	provinces = {
212
830
1242
1245
2431
4643
8338
8604 
}} 
 state_17 = {
	provinces = {
213
226
1519
1739
2071
3271
3661
4246
4867
4904
5276
5570
6233
6446
7810
10069
10074
10083 
}} 
 state_266 = {
	provinces = {
214
1351
1720
2633
2648
2926
3258
3524
3585
4473
4475
6127
6134
6754
8532
9268 
}} 
 state_747 = {
	provinces = {
215
2745
3566
4838
5267
9444
10002 
}} 
 state_481 = {
	provinces = {
216
787
1068
1397
1680
1742
2333
2650
2660
4201
4899
5991
6984
8575
8812
9192
9528
9908 
}} 
 state_14 = {
	provinces = {
218
426
2483
4435
5810
7965
8571
8675
9287 
}} 
 state_140 = {
	provinces = {
222
1366
1791
2118
2122
2124
2647
2761
3112
3588
3658
4576
6181
6514
7131
9010
10085 
}} 
 state_166 = {
	provinces = {
223
758
841
1303
2414
2427
2440
3973
5008
5616
5978
6557
9260 
}} 
 state_670 = {
	provinces = {
224
1063
1181
1419
1456
2020
4413
4903
5423
5438
5507
5708
7813
8455
8466 
}} 
 state_450 = {
	provinces = {
225
2127
2406
5564
6169
6513
7023
7143
7735
8456
9183 
}} 
 state_573 = {
	provinces = {
227
479
488
492
1098
2008
2023
2631
3316
3327
3569
3583
3904
4177
4469
5156
6110
6124
6461
6747
7028
7076
8115
8841
9584
9600
10000 
}} 
 state_553 = {
	provinces = {
229
847
2226
4183
4193
4534
5224
6189
6382
6630
6766
8875
9271
9902
9994 
}} 
 state_761 = {
	provinces = {
230
846
1527
4204
4855
6133
6187
6442
7054
7803
7971
8421
8695
9665
10064
10079 
}} 
 state_645 = {
	provinces = {
232
242
556
752
1827
2449
2460
3061
3284
3597
3599
3610
3875
4607
5292
5684
5696
5900
5910
6590
7106
7217
7219
7573
7815
7941
8021
8273
8281
8476
8895
8948
8954
9686
9689
10082
10094 
}} 
 state_288 = {
	provinces = {
234
354
649
1086
1261
1269
1547
2135
2501
2768
2770
3382
3611
3662
3666
3715
3724
3821
3829
3983
4326
6531
6634
7043
7173
7317
7331
7636
7884
8032
8345
9692 
}} 
 state_172 = {
	provinces = {
235
1090
2361
2377
2566
3177
4447
5133
6426 
}} 
 state_64 = {
	provinces = {
237
859
3619
4212
4338
7887
8346 
}} 
 state_721 = {
	provinces = {
238
1504
3104
3691
6160
6787
7336
7385
7517
8036
8091
8366
8761
8774
9109
9112
9697
9751
9825 
}} 
 state_192 = {
	provinces = {
239
252
300
316
923
937
2145
2193
2207
2776
2778
4107
6726
8162
8892
8906
8977
9687
9699 
}} 
 state_681 = {
	provinces = {
241
301
3674
3775
4271
8535
8543 
}} 
 state_676 = {
	provinces = {
243
858
1709
2133
2300
2773
2995
3022
3126
3601
5579
5593
5682
5694
7000
8484
8500
8669 
}} 
 state_138 = {
	provinces = {
244
306
925
939
1613
2054
2091
2093
2200
2214
2719
4749
4766
4845
4851
5264
5869
8038
9565
9582
9721
10144 
}} 
 state_765 = {
	provinces = {
246
261
878
2804
3680
3692
4289
4548
8627
8645
9359
9709
10049 
}} 
 state_18 = {
	provinces = {
248
264
880
3567
4148
4825
6372
6784
7454
8507
9236 
}} 
 state_529 = {
	provinces = {
249
1327
1627
2259
3055
3213
4200
4471
4579
4797
4798
5222
5495
5497
5500
5548
5823
6051
6543
7400
8138
8974
9623
10126 
}} 
 state_144 = {
	provinces = {
250
314
1850
2163
2743
2792
2809
3407
4634
4978
6914
7179
8975
9365
9770
9790 
}} 
 state_555 = {
	provinces = {
254
862
6791
6795
7537
8243
8836
9519 
}} 
 state_541 = {
	provinces = {
255
1982
1989
4222
6016
6379
6635
8475
8779
9277 
}} 
 state_741 = {
	provinces = {
256
614
1252
1514
2105
2119
2475
2490
3097
3686
3701
3955
3969
4994
4998
5615
5887
6225
6239
7550
7854
8253
9389
9717
9733 
}} 
 state_141 = {
	provinces = {
258
273
890
1516
1624
2107
2121
2747
2872
2874
3971
4559
4700
5999
6001
6491
6505
10045 
}} 
 state_431 = {
	provinces = {
260
503
637
844
892
896
900
1248
1444
1458
1464
1789
1802
2404
2419
2695
3090
3092
3106
3321
3359
3374
3649
4241
4456
4802
5325
5830
6896
7335
7769
7841
8217
8383
9448 
}} 
 state_19 = {
	provinces = {
265
526
1070
1523
3205
3366
3952
4139
4295
4314
5199
5876
6501
6868
7126
8266 
}} 
 state_251 = {
	provinces = {
266
445
624
871
1208
1222
1235
1555
1572
1690
1837
2100
2149
2727
3411
3535
3696
3856
3939
3953
4000
4015
4282
4296
4552
4780
5254
5439
5937
6050
6071
6223
6286
6549
6553
6670
6700
6712
6851
6866
7358
7361
7922
8063
8079
8233
8250
8330
8387
8457
8556
8619
8637
9037
9714 
}} 
 state_213 = {
	provinces = {
268
1462
1475
2111
2971
3571
4143
5274
9739
10059
10075
10160 
}} 
 state_439 = {
	provinces = {
271
594
608
888
903
1237
1511
1777
1856
3353
3368
4312
4573
5256
5432
5435
5600
6871
7144
7533
8142
8257
8998 
}} 
 state_272 = {
	provinces = {
274
547
555
853
2601
2767
2965
3164
3172
3384
3591
3664
4258
4264
6009
6519
6820
7147
7154
8328
8585
9317
9654
9737
9742
9864 
}} 
 state_583 = {
	provinces = {
275
1859
2480
3039
3634
5931
5945
6102
7071
7133
7137
7859
9341
9783
9799 
}} 
 state_343 = {
	provinces = {
276
634
3975
4516
4529
5009
7872
7874
8203 
}} 
 state_652 = {
	provinces = {
277
490
501
603
621
1061
1075
1233
1685
1698
2159
2217
2222
2271
2289
2534
2805
2819
2853
2868
3465
3479
3751
3754
3868
4057
4072
4355
4368
4405
4419
4466
4478
4713
5102
5117
5168
5177
5377
5387
5720
5723
5997
6006
6331
6345
6346
6354
6617
6629
6767
6978
6989
7356
7369
7373
7424
7427
7681
7692
8060
8077
8078
8086
8131
8143
8398
8800
8816
8817
8819
9534
9539
9549
10005 
}} 
 state_269 = {
	provinces = {
278
884
2993
3020
3036
3358
3620
5263
5868
7451
7468
7842
8167
8551
8567
8900
9304
9728 
}} 
 state_126 = {
	provinces = {
279
1691
1968
1995
2291
2317
5219
5938
6287
7413
7952
8533
9552
4329 
}} 
 state_315 = {
	provinces = {
281
738
1969
2272
2587
3514
3530
3656
4108
4250
4584
4759
4778
5421
5424
6048
6664
6680
6683
6698
7339
7348
7363
7492
8081
8686
8690
8806
9324
9462
10061 
}} 
 state_222 = {
	provinces = {
282
736
843
1012
1803
3052
3472
3972
4467
5551
6810
8197
8439
8926 
}} 
 state_578 = {
	provinces = {
283
2814
2957
4209
4526
5093
5541
5820
6865
7063
8592 
}} 
 state_467 = {
	provinces = {
284
905
1502
1779
2400
3355
3370
3371
3646
4238
5272
5275
5875
6793
6822
7149
7552
8563
8581
8983
9000
9310
9719
9723 
}} 
 state_20 = {
	provinces = {
286
906
1805
3979
4585
8941
9662 
}} 
 state_238 = {
	provinces = {
288
643
1537
2880
3252
3487
3689
3837
5194
5478
6029
6609
6638
6650
8359
9081
9091
9559
10050 
}} 
 state_21 = {
	provinces = {
289
2458
3065
7112
7814
8965 
}} 
 state_107 = {
	provinces = {
292
1423
1538
1540
2775
3670
4269
4491
7109
7826
8534
9404
9414
9431 
}} 
 state_22 = {
	provinces = {
293
308
403
818
877
928
976
988
1487
1546
2136
8955
9220
9891
9894 
}} 
 state_536 = {
	provinces = {
294
1772
2839
3681
6592
8776
8956 
}} 
 state_720 = {
	provinces = {
295
4674
9104 
}} 
 state_545 = {
	provinces = {
297
349
3210
3780
4206
5100
6677
7720
7772
8423
8453
8464
8494
8549
9195
9828
9896 
}} 
 state_23 = {
	provinces = {
299
1622
2541
4520
9323 
}} 
 state_305 = {
	provinces = {
302
368
1498
1610
2043
3457
3572
4037
4050
4115
4164
4664
8844
9775 
}} 
 state_663 = {
	provinces = {
303
355
7115
7128
7763
7778
8304
8428
8486
9028
9045
9156
9158
9820
9836 
}} 
 state_500 = {
	provinces = {
304
915
927
1134
1139
1535
1756
2131
3059
3339
3930
4538
6192
6830
9353
10096
10111 
}} 
 state_24 = {
	provinces = {
305 
}} 
 state_200 = {
	provinces = {
307
684
1008
2215
2234
2870
3278
3800
4348
4417
4420
6759
7189
9781 
}} 
 state_25 = {
	provinces = {
310
4690
5249
5578
5592
7477
9381
9536
9822
10124 
}} 
 state_248 = {
	provinces = {
311
675
2160
2416
2443
2789
3376
3903
3963
4252
5038
5309
7472
7488
7587
7680
7860
7903
9786
9983 
}} 
 state_502 = {
	provinces = {
312
328
463
477
669
933
949
1087
1101
1276
1290
2919
2996
3011
3023
5209
6221
6332
6545
6849
6959
7172
7186
7885
7901
9787 
}} 
 state_524 = {
	provinces = {
313
838
5291
5305
5859
6473
8033
8677 
}} 
 state_725 = {
	provinces = {
315
320
922
3746
5303
5906
8694
8713
9131
10044 
}} 
 state_26 = {
	provinces = {
317
584
591
2551
2821
3410
4988
5863
5948
6298
8636
9467
9803 
}} 
 state_122 = {
	provinces = {
319
593
607
1906
2167
7200
7615
8492
10048 
}} 
 state_195 = {
	provinces = {
321
335
1918
2542
2815
3414
3428
4018
4704
4717
5675
6278
6571
8012
8714
8748
9780
9797
9854 
}} 
 state_602 = {
	provinces = {
322
461
472
532
580
582
617
661
664
727
940
960
1073
1093
1211
1212
1338
1952
2570
2852
5033
5049
5731
5929
7371
8075
8718
8735
8798
9371
9455
9963
10116
10138 
}} 
 state_27 = {
	provinces = {
323
3167
3749
5930
5944
6558
7992
9478
9486
9782
9798 
}} 
 state_28 = {
	provinces = {
324
2065
2070
2954
4308
4942
5220
6120
6732
6863
6962
7123
7205
7586
8189
8204
8278
8566
9068
9229
9250
9438
9826 
}} 
 state_599 = {
	provinces = {
326
947
1631
1909
3481
4074
5724
7360
8573
8650
9379
9695 
}} 
 state_331 = {
	provinces = {
327
689
2806
4358
4370
5313
5918
7920
8307
8709 
}} 
 state_406 = {
	provinces = {
329
339
550
897
1246
1256
4375
4649
5063
7089
8023
8937
9062
9319
9332
2828
6265
9624 
}} 
 state_79 = {
	provinces = {
330
1071
1414
1416
2365
2366
4079
4210
4646
4648
4800
4801
4805
6082
6094
7269
9211
9925
9947 
}} 
 state_253 = {
	provinces = {
331
588
1143
1204
1491
1505
2097
2823
3159
3424
4196
4612
4629
5591
5606
5866
6480
6913
6927
9481 
}} 
 state_142 = {
	provinces = {
332
2130
2340
2353
2974
3058
3323
3329
3922
5514
5895
6915
7812
8862
8950
9606
9668
9678
13280
4147
2663 
}} 
 state_47 = {
	provinces = {
333
613
2228
7928
7938
8335 
}} 
 state_693 = {
	provinces = {
334
2810
5877
7672
8658 
}} 
 state_559 = {
	provinces = {
337
6843
6876 
}} 
 state_29 = {
	provinces = {
340
553
690
911
1097
1513
1525
2552
2812
4947
5278
5329
5678
5886
6240
8194
8661 
}} 
 state_274 = {
	provinces = {
342
957
2539
2553
3110
3161
3412
3484
3685
4078
5729
5735
6079
8270
10153 
}} 
 state_491 = {
	provinces = {
343
351
1038
1647
1660
2319
6081
6091
6881
8916 
}} 
 state_152 = {
	provinces = {
345
1664
2240
2252
2888
3122
3561
4153
5083
5087
5689
9810
9821 
}} 
 state_30 = {
	provinces = {
347
827
4040
4657
6193
6648
8109
8284
8835 
}} 
 state_436 = {
	provinces = {
348
760
1259
1263
1870
2031
2766
2774
3001
3017
4738
5136
5140
5394
5395
5742
6008
7050
7053
7324
8027 
}} 
 state_84 = {
	provinces = {
352
416
1116
1726
6106
6340
9642
9890
9910 
}} 
 state_475 = {
	provinces = {
353
364
2083
4331
5015
5347
5524
5957
5959
7294
7399
7891
8602
9833 
}} 
 state_73 = {
	provinces = {
356
970
977
2452
2899
3062
3497
4335
6314
6328
8629 
}} 
 state_205 = {
	provinces = {
357
2910
9042 
}} 
 state_768 = {
	provinces = {
358
1551
1632
1889
1892
3735
4672
4689
5635
7597
7976
8299
8379
8680
9840 
}} 
 state_327 = {
	provinces = {
359
1205
3998
4013
4352
5022
6034
6049
6665 
}} 
 state_487 = {
	provinces = {
360
3704
4171
4184
5094
5225
5431
6041
7087
7097
8106
8947
9178
9530 
}} 
 state_265 = {
	provinces = {
361
394
560
958
983
1347
1490
1869
2559
2582
3337
3550
3604
3788
3803
5090
5385
5518
5711
5894
6901
6930
6976
7584
8064
8365
8382
9111
9497 
}} 
 state_174 = {
	provinces = {
363
366
2572
2588
5429
5762
5779
6053
6606
6659
7402
9849 
}} 
 state_667 = {
	provinces = {
365
4558
6966
8385
8390 
}} 
 state_438 = {
	provinces = {
370
1355
1945
1959
2511
4687
5101
5419
5719
6261
7355
8054
8073
8303
8397
8697
9027 
}} 
 state_66 = {
	provinces = {
371
868
1020
1358
1960
1974
2608
6626
7242
9124
9242
9841
10095 
}} 
 state_31 = {
	provinces = {
373
885
995
1229
1830
4615
4632
5037
5310
5637
6681
6684
6957 
}} 
 state_182 = {
	provinces = {
374
378
996
1011
2202
2208
2225
2338
2653
2856
2871
3253
3266
3373
3471
3805
3850
3864
4060
4075
4205
4421
4691
4711
4856
4889
5104
5710
5725
5977
5983
6333
6347
6380
6395
6441
6972
6979
7021
7035
7665
7682
8130
8399
8724
8856
8873
9110
9127
9726
9844
9918
9996 
}} 
 state_300 = {
	provinces = {
375
632
973
1604
1619
2205
3120
4021
4625
7285
7295
7929
8035
8156
8760
8762
8775
9076
9084
9509
9815
9845 
}} 
 state_531 = {
	provinces = {
377
1384
1524
1862
2117
3042
4645
5207
5312
5515
6061
6296
6561
6697
6850
7440
7589
9352
9464
9932 
}} 
 state_95 = {
	provinces = {
379
1021
1361
2235
2609
3818
7265
9128
9550 
}} 
 state_705 = {
	provinces = {
380
2741
2843
2855
6092
6377
6563
6693
7582
8062
8361
8784 
}} 
 state_284 = {
	provinces = {
381
1701
1970
2292
3807
4409
5161
5428
7416 
}} 
 state_160 = {
	provinces = {
383
2362
3397
3547
4175
4577
5301
5412
5427
5740
6686
8909 
}} 
 state_32 = {
	provinces = {
385
3154
4418
4428
7259
7264
7278 
}} 
 state_110 = {
	provinces = {
390
1010
1633
4293
4989
5003
5327
5933
6801
6925
8739
8751 
}} 
 state_700 = {
	provinces = {
391
3379
8744
9735 
}} 
 state_407 = {
	provinces = {
392
1312
1584
3757
4080
5066
6631
6934
8331
8754
9285 
}} 
 state_762 = {
	provinces = {
393
2032
3369
3710
4313
5942
8654
8981
9057
9669 
}} 
 state_684 = {
	provinces = {
395
2047
3295
3331
3938
4537
6087
6718
6774
7434
7443
8150
8548
9279
9295
10023 
}} 
 state_390 = {
	provinces = {
396
895
908
1016
1172
1184
1644
1795
2392
2430
2550
3381
3648
3957
3961
4085
4254
4935
4941
4954
5057
5697
5878
5879
5891
6808
7280
7464
7482
7484
7541
7555
7858
7871
9054
9313
9315
9331
9466
9480
10067 
}} 
 state_425 = {
	provinces = {
398
410
1030
1193
1943
2568
2949
3178
3609
3614
4154
4213
4556
4658
4669
5019
5241
5244
5627
5848
5860
6244
6355
6363
6994
7379
7394
7570
7883
8096
8163
8894
9487
9618
9631
9688 
}} 
 state_780 = {
	provinces = {
400
412
475
1140
5596
6445
7708
8367
8426
8681
9299
9354
9372
9887
9948
9964
10030
10100 
}} 
 state_742 = {
	provinces = {
401
1711
1725
5014
9093
9393
9889 
}} 
 state_124 = {
	provinces = {
402
1025
1761
1927
2248
2555
2661
3889 
}} 
 state_33 = {
	provinces = {
405
408
1028
1717
2308
2323
2579
2948
3189
3199
3772
5471
6083
6096
6717
6941
6952
7631
7642
8149
8348
9162
9879 
}} 
 state_695 = {
	provinces = {
406
753
931
1022
1029
1377
1390
3501
3669
4094
4106
5680
5690
6315
6728
7943
7954
8663
8671
8685
9013
9015
9741
9880 
}} 
 state_34 = {
	provinces = {
407
417
422
1042
1599
1611
2139
2201
2838
9913
9953 
}} 
 state_782 = {
	provinces = {
409
1171
2423
2680
2696
2730
3012
3400
5208
5550
6116
6159
7079
7895
9507
9643
9660
10054
10060 
}} 
 state_57 = {
	provinces = {
413
773
9176 
}} 
 state_453 = {
	provinces = {
415
2315
5465
5624
5629
6778
6783
9814 
}} 
 state_595 = {
	provinces = {
419
434
1053
2015
2634
2649
7297
7349
9544 
}} 
 state_479 = {
	provinces = {
420
5407
5985
7240 
}} 
 state_727 = {
	provinces = {
421
438
483
521
525
770
774
881
980
992
1323
1482
1493
2109
2681
2711
4182
4364
6440
6690
6705
7203
7354
7406
7460
7531
7760
7774
7789
7898
8161
8176
8234
8440
8483
8496
8510
8552
8565
8715
8730
8793
8833
8870
9166
9225
9281
9296
9297
9422
9423
9435
9508
9513
9846
9997
10110 
}} 
 state_534 = {
	provinces = {
423
695
716
1583
3464
4400
4462
4757
4933
6575
6692
7253
7733
9103
9119 
}} 
 state_78 = {
	provinces = {
427
1049
2104
2206
2210
2670
2682
2728
2791
2841
2845
2858
3292
3305
3443
3948
4551
5238
7252 
}} 
 state_35 = {
	provinces = {
428
432
587
2275
2906
3430
3914
4593
4762
4773
4781
5789
7721
8046 
}} 
 state_485 = {
	provinces = {
429
2009
5760
6037
6370
6385
6653
6668
8843
9985 
}} 
 state_634 = {
	provinces = {
431
784
797
935
951
989
1466
1688
2022
2645
2658
2920
2931
3520
4479
4567
5170
5660
5855
5871
6499
7750
7927
8310
9121
9290
9935
10036 
}} 
 state_411 = {
	provinces = {
436
450
1059
3694
5098
5115
5700
5718
7334
7351
7367
8072 
}} 
 state_516 = {
	provinces = {
437
3276
4647
6394
7426 
}} 
 state_627 = {
	provinces = {
439
729
778
825
1306
1340
1386
1565
2173
2266
2976
4460
4465
4776
4836
6131
6295
6696
7188
7728
7802
8437
9976 
}} 
 state_199 = {
	provinces = {
8415
1928
4386
5071
13277
13278
13276
13279
443
452
744
1418
1920
2168
2867
2878
3867
4795
5062
5437
5444
5666
5791
6344
6353
6406
6986
7916
8749 
}} 
 state_600 = {
	provinces = {
446
722
737
1066
2013
4016
7364
7744
7753 
}} 
 state_362 = {
	provinces = {
448
1728
1903
2026
2523
4653
4703
5367
5382
6338
6342
6968
8794 
}} 
 state_99 = {
	provinces = {
449
1405
2544
2820
3863
4891
6405
7094
8128 
}} 
 state_737 = {
	provinces = {
454
739
1558
3753
4114
5386
5614
5661
5674
6238
6632
6716
6855
7270
7276
7987
9311 
}} 
 state_280 = {
	provinces = {
456
462
1758
1873
3183
3765
4279
4442
5130
5144
8411
9144
9153
9949 
}} 
 state_37 = {
	provinces = {
458
460
505
3822
5525
5537 
}} 
 state_188 = {
	provinces = {
459
2716
4146
4925
7635 
}} 
 state_249 = {
	provinces = {
464
3392
3992
4609
6596
7323
8497 
}} 
 state_111 = {
	provinces = {
466
468
1026
1040
1146
1649
1760 
}} 
 state_444 = {
	provinces = {
467
482
4868
5467
5482 
}} 
 state_201 = {
	provinces = {
469
1917
2177
2489
2876
4427
5113
5229
7545
7663
7973
8389
9525
9806
10019 
}} 
 state_44 = {
	provinces = {
473
533
536
665
1156
1287
1549
1843
2154
2463
2478
3357
3959
3962
4070
4158
4501
4515
4686
4777
5605
5618
5833
6232
6861
6919
7183
7536
7596
7677
7749
7897
7914
8112
8187
8967
8984
9657
9962
10068 
}} 
 state_376 = {
	provinces = {
478
1088
4157
4810
7648
9154
9170 
}} 
 state_738 = {
	provinces = {
481
962
2549
3586
4084
6500
6512
6867
8191
8206
8992
9303
9320
9395
9586
9710
10142 
}} 
 state_490 = {
	provinces = {
485
498
1748
4236
6065
8125 
}} 
 state_319 = {
	provinces = {
489
1719
1768
2464
2905
4285
4332
4967 
}} 
 state_388 = {
	provinces = {
491
1110
1393
2344
2978
4207
4879
6119
6123
6744
7425
8114
9595 
}} 
 state_118 = {
	provinces = {
493
502
948
1814
3315
6072
6403
8939
9264
9789 
}} 
 state_387 = {
	provinces = {
495
2709
3035
3318
4850 
}} 
 state_522 = {
	provinces = {
496
1117
3136
3531
4125
4202
5082
6455
7081
8380
9360
9605
9677 
}} 
 state_608 = {
	provinces = {
497
4952
5831
7494
7869
8591 
}} 
 state_117 = {
	provinces = {
500
1468
1477
1807
2074
2413
4959
5279
7496
8199 
}} 
 state_347 = {
	provinces = {
504
1265
1278
1879
1890
2132
2134
3716
3873
3994
4598
6205
9169
9302 
}} 
 state_46 = {
	provinces = {
506
565
1138
1151
1190
1198
3881
4485
4496
6899
8893 
}} 
 state_206 = {
	provinces = {
508
726
790
1337
1400
1415
1730
1744
2911
2913
2962
2975
3100
3510
3527
3911
4775
4900
5487
5502
5554
6515
7019
7033
7799
8849
9061
9117
9118
9855 
}} 
 state_673 = {
	provinces = {
509
520
1835
2467
6202
6842
6999
7696
8482 
}} 
 state_558 = {
	provinces = {
510
1142
1754
1882
2503
2516
3878
3978
4219
4232
4482
4490
4600
5286
5296
6832
6835
7501
7511 
}} 
 state_39 = {
	provinces = {
511
7832
7849
8503
9237
9364
9413
10034 
}} 
 state_631 = {
	provinces = {
512
523
807
1027
1041
1136
1147
1321
1925
3176
3185
3283
3291
3777
3879
5349
5625
5631
5953
6246
6722
6829
7100
7879
9155
9874
9876 
}} 
 state_674 = {
	provinces = {
514
564
578
1197
1332
1334
1872
1884
2446
2457
5353
8487 
}} 
 state_40 = {
	provinces = {
517
1215
1956
2510
3200
4194
4756
5535
7732 
}} 
 state_405 = {
	provinces = {
518
534
899
1296
1309
1507
1912
2162
3635
4228
5055
5058
5247
5261
5659
8017
8332
8442
8630
8917
8987
9055
9635 
}} 
 state_41 = {
	provinces = {
522
573
1135
3605
9291
9308
9418
9970 
}} 
 state_42 = {
	provinces = {
524
2068
3041
4518 
}} 
 state_150 = {
	provinces = {
527
1055
1662
1663
1713
2247
2249
3449
3981 
}} 
 state_291 = {
	provinces = {
528
2390
2408
3895
3910
6806
7066
7461 
}} 
 state_43 = {
	provinces = {
530
1517
1528
2428
2881
8180
8271
8583
10080 
}} 
 state_394 = {
	provinces = {
531
1439
1454
1994
2108
2628
3237
3251
3738
3786
3824
4390
4404
4964
4977
5638
6252 
}} 
 state_482 = {
	provinces = {
535
1636
1799
1914
2536
3038
3482
3488
5054
5121
5379
6002
6351
7136
8388
8820
9139
9861
9871 
}} 
 state_783 = {
	provinces = {
537
833
1529
1867
1922
2114
2484
3431
4032
4259
4943
5881
5892
6460
6875
6877
8264
8341
8649
8659
10073 
}} 
 state_161 = {
	provinces = {
538
2384
3360
3375
3637
6167
6781
6799
7124
8993 
}} 
 state_67 = {
	provinces = {
541
902
1865
2488
4262
4371
4650
5269
6869
7626 
}} 
 state_736 = {
	provinces = {
543
1163
1168
2048
2061
2426
2683
3030
3046
3640
4949
5195
5211
5538
5553
6161
6177
6489
7797
8196
8490
8579
8910
9309
9645 
}} 
 state_643 = {
	provinces = {
545
724
1308
1911
3630
3974
6574
7856
8009
8016
8184
8913
9140 
}} 
 state_465 = {
	provinces = {
548
856
2657
2749
4888
5489
5861
6122
7083
7095
7714
8200
8530
8929
8944 
}} 
 state_158 = {
	provinces = {
551
2332
3905
4883
5499
6184
6496
7072
8247 
}} 
 state_397 = {
	provinces = {
554
4239
4251
4999
5270
6570
7114
8506
8997
9072
9749
10133 
}} 
 state_708 = {
	provinces = {
557
8813 
}} 
 state_45 = {
	provinces = {
561
574
7833
9446 
}} 
 state_739 = {
	provinces = {
562
1609
3929
6247
6258
7226
9351
10093
10108 
}} 
 state_87 = {
	provinces = {
563
1144
3075
3089
6535
7509
8025
8213
8225 
}} 
 state_719 = {
	provinces = {
569
1043
1201
1275
1651
1810
1876
2500
2513
2959
3549
3784
4388
4402
7376
7386
8357
9086
9088
9275
9282 
}} 
 state_480 = {
	provinces = {
570
1253
1382
2826
4997
5045
5290
5317
5599
5990
7686
8082
8461 
}} 
 state_146 = {
	provinces = {
571
586
2189
4277
5797
5807
6250
7659
10103
10120 
}} 
 state_549 = {
	provinces = {
575
590
731
930
943
1206
1539
2143
3290
5982
6203
6217
6482
6597
6743
6833
6847
7736 
}} 
 state_718 = {
	provinces = {
581
1845
3296
3356
3838
3853
3885
3899
4449
4982
4985
5135
5139
5322
5588
5603
5640
5655
5707
5741
6316
6507
6945
6960
7583
8286
9063
9066
9708
9725
10137 
}} 
 state_766 = {
	provinces = {
585
7970
9793 
}} 
 state_792 = {
	provinces = {
589
1568
3156
3169
6878
7141
7546
8924
9727
10051
10070
10147 
}} 
 state_794 = {
	provinces = {
596
4272
5776
6556
6993
8657
10136
10154 
}} 
 state_340 = {
	provinces = {
597
1145
2697
3958
4235
4453
4497
4620
4626
4871
4932
5141
5155
5470
5753
6255
6269
6318
6643
6657
6785
6836
7455
7512
7525
7650
8289
8351
8364
9092
9369
9747
9763 
}} 
 state_90 = {
	provinces = {
598
618
1155
1286
1826
1839
2045
2574
2575
6059
7747 
}} 
 state_321 = {
	provinces = {
599
1576
3744
4297
7148
8980
9722 
}} 
 state_72 = {
	provinces = {
600
975
2842
3152
3166
6918
7913
8374
9472
9829 
}} 
 state_247 = {
	provinces = {
606
1815
2760
3367
4310
4318
6568
6576
7852
7867
8268 
}} 
 state_419 = {
	provinces = {
612
1072
3526
5166
8716 
}} 
 state_48 = {
	provinces = {
615
1238
1778
1838
2461
2476
6816 
}} 
 state_589 = {
	provinces = {
616
1832
1938
2137
3545
4656
4827
4962
5392
5469
5569
6360
6432
6840
7201
8097
9018
9640
9878 
}} 
 state_392 = {
	provinces = {
619
1958
2264
2813
3096
3311
4938
4953
5890
6218
6504
7486
7554
8258
9043
9374
9390
9402 
}} 
 state_243 = {
	provinces = {
622
3303
3902
4066
4492
4870
4885
5416
5498
5960
5973
6040
6497
7121
7459
8193
8922 
}} 
 state_642 = {
	provinces = {
626
2485
2754
4025
7999 
}} 
 state_49 = {
	provinces = {
627
835
1114
1446
1723
2386
2403
2487
3094
3695
3901
4580
4842
4929
4944
5545
5809
6448
6734
7397
8190
8518
8570
8574
8919
9232
9251 
}} 
 state_108 = {
	provinces = {
628
696
966
1310
1574
4027
4076
4372
5059
6444
6928
8746
9071
9078 
}} 
 state_561 = {
	provinces = {
629
952
1122
1851
4787
6872
8344
9073 
}} 
 state_614 = {
	provinces = {
633
4286
4301
4628
7618
8322
8986
9002 
}} 
 state_694 = {
	provinces = {
635
883
898
1506
2174
8267
8588
8651
8660
8994
9006
9396 
}} 
 state_562 = {
	provinces = {
636
1035
1315
2181
2818
6302
6924 
}} 
 state_396 = {
	provinces = {
638
3056
3378
4029
4996
6818
7207
8996 
}} 
 state_328 = {
	provinces = {
639
2180
2314
4360
4639
7080
8580 
}} 
 state_171 = {
	provinces = {
641
647
1260
1267
1936
2562
2569
3244
5348
5352
9755 
}} 
 state_202 = {
	provinces = {
648
982
1588
1595
2884
2895
3493
3555
4149
4163
5234
6731
7375
7381
8168
8276
8888
8902
9707 
}} 
 state_297 = {
	provinces = {
660
1268
1271
2185
2194
2832
3506
3596
3990
4605
4826
4844
5288
8089
8099
8279
8963
9011
9019
9685 
}} 
 state_163 = {
	provinces = {
663
679
1403
1654
2399
2429
2519
3005
3299
3312
3562
3577
3898
4224
4237
4494
4508
4555
4570
4919
5193
5196
5243
5586
5601
5924
5939
6211
6540
7612 
}} 
 state_70 = {
	provinces = {
668
946
2110
2432
2738
3060
3917
4927
5221
6494
8188
9680
9999 
}} 
 state_455 = {
	provinces = {
670
685
5654 
}} 
 state_404 = {
	provinces = {
680
1302
1304
1577
1905
2800
3476
3485
4069
4082
5046
5048
5061
5664
7257
7277
7990
8404
9074
9133 
}} 
 state_640 = {
	provinces = {
681
725
740
2172
2293
2912
3745
4345
4361
5041
7250
7271
7676
7690
7969
7988
8392
8393
9116
9132
9850 
}} 
 state_730 = {
	provinces = {
682
1368
5668
5794
6756
8647
9205
9551 
}} 
 state_473 = {
	provinces = {
683
1770
1833
1846
2155
2466
2735
4923
5916
5932
6862
6906
6921
7120
7134
7539
8228 
}} 
 state_52 = {
	provinces = {
686
6108
6780 
}} 
 state_53 = {
	provinces = {
687
1225
2737
4305
4429
5006
5118
5277
6170
6235
7520
7544
7861
7919
7931
8721
9185
9785
9801 
}} 
 state_54 = {
	provinces = {
691
1638
3212
3543
4132 
}} 
 state_345 = {
	provinces = {
693
3540
4578
5216
6064
6935
7633
8766
9392
9898
10139 
}} 
 state_215 = {
	provinces = {
702
706
719
1092
1949
2191
2585
2830
2840
2990
3338
3719
4431
5105
6334
6775
7319
7649
7715
8008
8419
9345 
}} 
 state_759 = {
	provinces = {
707
4394
5013
5025
5076
5091
6937
6946
9632 
}} 
 state_702 = {
	provinces = {
708
8771 
}} 
 state_237 = {
	provinces = {
712
1149
1209
1220
1223
1316
1326
2625
3064
3235
3249
5804
9221
9954 
}} 
 state_729 = {
	provinces = {
721
1006
1614
3214
3748
3796
3798
3812
4208
5320
6044
6076
6228
6695
7258
7569
7585
7843
7899
7972
8291
9197
9200
9679 
}} 
 state_703 = {
	provinces = {
723
1965
2759
3420
3641
3919
4304
5672
6546
8725
8742
8780
9064
9249
9362 
}} 
 state_311 = {
	provinces = {
730
743
796
1344
4123
4137
7734
8238
8396
9377 
}} 
 state_434 = {
	provinces = {
734
745
1240
1359
1566
4987
5001
5375
5793
5980
5995
7679
7995
8378
8644
9138
9859 
}} 
 state_489 = {
	provinces = {
742
1058
2027
2922
3233
4476
4955
6058
6554
6642
7746
8525
8882
9656
13281
13282 
}} 
 state_131 = {
	provinces = {
762
777
872
1374
1435
1450
1495
1987
2003
2057
2451
2465
2512
2565
2576
2621
3121
3186
3346
3717
3728
4322
4541 
}} 
 state_325 = {
	provinces = {
768
985
1000
1607
3790
3794
4344
4395
4746
6688
6703
7017
7031
8676
8692
8868
9168
9753 
}} 
 state_348 = {
	provinces = {
779
1044
1057
1388
1671
1687
1941
1946
2339
2686
3293
4406
4613
5088
5295
7606
9442 
}} 
 state_58 = {
	provinces = {
780
794
2021
2641
3255
3268
3852
4859
5154
5773
7036
8858
10161 
}} 
 state_336 = {
	provinces = {
783
3855
4099
4178
4441
4455
6387
6402
8137
8425
8864 
}} 
 state_76 = {
	provinces = {
788
1036
1398
1413
9193
9909
9926 
}} 
 state_750 = {
	provinces = {
791
1694
2280
3265
4120
5784
6075
6694
7421
8885
9199
9531
9546
9610 
}} 
 state_678 = {
	provinces = {
792
1402
3576
6742
6758
8511 
}} 
 state_267 = {
	provinces = {
793
1407
1564
1746
2801
2983
3372
3581
3592
4535
5228
7038
7199
7467
8641
9592
9607
10140 
}} 
 state_653 = {
	provinces = {
795
1640
2927
3282
4142
5785
6045
7731
8074
8148
8797
8883
9548
9941 
}} 
 state_59 = {
	provinces = {
800
2028
2286
2437
4134
4203
4483
5566
5840
6175
7074
7187
7553
7755
8465
8577
8815
9427
9916
9931 
}} 
 state_744 = {
	provinces = {
813
4493
5182
6471
6551
7311
8615
8674
8688
9346
9348
9407
9419
10092 
}} 
 state_391 = {
	provinces = {
820
2198
2334
4937
6088
6844
7398
7595
8100
8296
8964
9101 
}} 
 state_244 = {
	provinces = {
823
837
1161
1792
1866
3043
3304
3639
5811
6815
7390
9328
9330
9968 
}} 
 state_339 = {
	provinces = {
829
1935
1950
2141
2504
2688
2734
2784
3242
3288
3340
3342
3826
3839
4379
4391
4487
4498 
}} 
 state_314 = {
	provinces = {
831
1159
1785
2693
3302
3317
3651
3950
3965
4244
4247
4564
5218
5822
6797
6813
7470
7474
7845
7862
8172
8498
9658
9711 
}} 
 state_60 = {
	provinces = {
832
1433
2263
2896
3558
8104
8830 
}} 
 state_132 = {
	provinces = {
836
851
2010
2014
2969
3871
5513
7538
7811
8004
8523
9060
9334 
}} 
 state_62 = {
	provinces = {
839
852
7855
8508
9736 
}} 
 state_567 = {
	provinces = {
840
3217
6981
7347
7362
7739
8177 
}} 
 state_61 = {
	provinces = {
842 
}} 
 state_580 = {
	provinces = {
848
1461
2116
2433
2956
4502
6156
6172
6510
7075
7077
8936
9641
9965
10071 
}} 
 state_316 = {
	provinces = {
850
3663
4260
8587
8934 
}} 
 state_551 = {
	provinces = {
854
1124
1455
2713
3325
3330
3915
6757
7407
7422
9977
9995 
}} 
 state_557 = {
	provinces = {
855
1182
1188
4266
5230
6826
7876
10004 
}} 
 state_63 = {
	provinces = {
857
1077
1362
1476
1678
1964
2025
2276
2659
3650
4191
4199
4897
4958
5562
5597
5835
6462
7091
7098
8391
8469
8811
8822
9335
9672 
}} 
 state_354 = {
	provinces = {
860
870
1479
1483
3119
3130
3727
4221
4655
4663
4909
4911
5341
6474
6487
6522
6536
7162
7167
7878
8370
9095
9099
9818 
}} 
 state_273 = {
	provinces = {
861
864
1186
1191
1480
1808
3071
3616
3667
3676
3882
4140
4223
4481
6539
6940
7157
7566
7578
7823
8298
8546
9012
9021
9210
9213
9617
9745 
}} 
 state_779 = {
	provinces = {
863
876
924
1534
4225
4912
4966
10012
10021 
}} 
 state_104 = {
	provinces = {
866
1481
3390
3618
4673
5344
6204
6834
7962
10168 
}} 
 state_196 = {
	provinces = {
869
873
1543
2846
2894
3386
3395
8090
9625
9628 
}} 
 state_277 = {
	provinces = {
882
1581
3705
6565
10159
13272
13273 
}} 
 state_713 = {
	provinces = {
886
2388
2524
2742
2757
3245
4001
4603
4618
4931
5870
5885
7130
8192
8235
8254
8576
8620
8622
8921
8978
8995
9038
9059
9306
9771
9774
10106
10128 
}} 
 state_574 = {
	provinces = {
893
1129
4531
7029
7924 
}} 
 state_358 = {
	provinces = {
894
4676 
}} 
 state_276 = {
	provinces = {
901
1175
1979
2934
3108
3193
3518
3698
3840
4112
4309
4991
5005
5612
6222
6673
6953
7249
7529
7547
9713 
}} 
 state_686 = {
	provinces = {
904
1167
1465
4336
4522
4948
5160
6807
7777
8195
8578
8925
9235 
}} 
 state_317 = {
	provinces = {
909
3053
4268
5265
5620
8572
8596 
}} 
 state_295 = {
	provinces = {
910
1257
1522
2051
2422
2436
3067
3693
3763
3906
3920
3949
3964
4519
4532
4884
4898
4918
4926
6042
7086
7457
8031
8424
8481
8668
9050
9152 
}} 
 state_346 = {
	provinces = {
913
1526
4591
6186
9676 
}} 
 state_442 = {
	provinces = {
919
981
1037
1052
1091
1533
1594
1606
3492
5452
6788
8219
8294
8312
8962
9035
9039
9754
9772 
}} 
 state_68 = {
	provinces = {
920
2505
3117
4961
5068
5077
5974
6371
6589 
}} 
 state_257 = {
	provinces = {
932
1294
1615
1634
2869
3149
3197
3467
3737
3802
4407
5119
5362
5370
5378
5657
5981
6268
6276
6330
6614
6956
6975
8325
8381
8707
8738
9044
9439
9515
9759
9858
9860 
}} 
 state_194 = {
	provinces = {
936
938
953
1210
1512
1562
1853
2152
2165
2795
2811
4346
5047
5350
5647
5922
6898 
}} 
 state_69 = {
	provinces = {
941
1501
1548
1550
2052
2085
2096
2188
2771
2782
3285
3297 
}} 
 state_544 = {
	provinces = {
954
1015
1612
2401
2554
3209
3352
4839
5383
5880
6272
6288
6293
6671
6773
8732
8734
9134
9452
9867 
}} 
 state_71 = {
	provinces = {
956 
}} 
 state_474 = {
	provinces = {
961
5065
5334
5946
8750
10146 
}} 
 state_374 = {
	provinces = {
965
1236
4799
6965 
}} 
 state_332 = {
	provinces = {
967
971
1585
1592
1700
1705
2037
2183
2184
2560
2825
2831
3173
3239
3440
3764
4030
4373
4651
4659
4730
4740
5336
5340
5463
5950
6414
6577
6583
6769
6776
6942
7045
7210
7215
7944
8343
8662
8664
9151
9401
9405
9489
9557
10162 
}} 
 state_451 = {
	provinces = {
968
3909
3923
5567
5993
7145
7796
8999
10163 
}} 
 state_639 = {
	provinces = {
969
7983 
}} 
 state_535 = {
	provinces = {
974
987
2090
2718
5027
5630
5643
6136
6145
6579
6587
6768
7836
8545
8618
9339 
}} 
 state_774 = {
	provinces = {
978
990
1831
2454
5342
6831
8301
9014
9928 
}} 
 state_470 = {
	provinces = {
979
1759
1877
2358
2499
3138
3383
3391
5181
5522
5533
5754
5790
5903
5914
6301
6520
8040
8214
8227
8765 
}} 
 state_77 = {
	provinces = {
986
1039
6854
7505
7655 
}} 
 state_154 = {
	provinces = {
991
2296
7748 
}} 
 state_415 = {
	provinces = {
999
1013
1621
1625
2211
3459
3473
3793
4063
4424
5107
5112
6350
9114 
}} 
 state_299 = {
	provinces = {
1004
1289
1292
1668
1893
2593
2854
3133
3403
3405
3418
3528
4006
4118
4351
4354
4973
5036
5356
5376
5934
6046
6662
8634
8705
8719
8722
8799
9046
9378
9765
9842
10118 
}} 
 state_488 = {
	provinces = {
1005
1254
3703
4257
5430
5992
6043
7613
9470
9706
10125 
}} 
 state_133 = {
	provinces = {
1007
2030
3533
5116
5176
8005
8467 
}} 
 state_752 = {
	provinces = {
1014
1349
3726
6484
7129
7906
8982
9388
9483
9543
9791 
}} 
 state_75 = {
	provinces = {
1019
2656
3541
4136
8823
9201
9209 
}} 
 state_155 = {
	provinces = {
1031
1213
1645
2298
2364
2933
2951
2985
2991
3552
4145
4155
5843
6078
6467
6475
7051
7102
7445
7450
7504
7752
7757
7768
8146
8152
8210
8223
8468
8477
8838
8886
9553
9681 
}} 
 state_452 = {
	provinces = {
1033
2094
2148
5583
6196
6245
8261
9817 
}} 
 state_151 = {
	provinces = {
1034
2250
2563
3174
4382 
}} 
 state_167 = {
	provinces = {
1051
1474
2053
2434
2740
2982
3066
3924
4525
5060
6498
6506
7146
7689
7807
9259
9333
9387
9666
10065
3544
1046 
}} 
 state_610 = {
	provinces = {
1054
1553
1570
1710
1724
1880
1894
2157
2161
2530
3623
3638
4245
4852
5165
5764
6864
7524
7528
8231
8248
8611
8628
9356
9512
9589
10102 
}} 
 state_261 = {
	provinces = {
1056
1406
2004
2916
3512
3590
5152
5167
8454
8527
8928 
}} 
 state_130 = {
	provinces = {
1060
1118
1998
2961
5650
6031
7405
7408
8509 
}} 
 state_706 = {
	provinces = {
1067
1641
2262
2277
2860
3259
3456
5698
5714
6321
8067
8807
9510 
}} 
 state_644 = {
	provinces = {
1080
1364
1692
3792
4786
7926
8019
8316
9866 
}} 
 state_225 = {
	provinces = {
1082
1762
1824
2518
3125
3128
3665
3835
5197 
}} 
 state_80 = {
	provinces = {
1085
2368
2497
4380
4392
5745 
}} 
 state_460 = {
	provinces = {
1096
5758
6359
7761
7775
9885 
}} 
 state_593 = {
	provinces = {
1102
4328
5012
7233
7951
8353
9875 
}} 
 state_403 = {
	provinces = {
1103
2394
2953
3085
3101
3551
5043
5584
6324
9177 
}} 
 state_82 = {
	provinces = {
1105
1401
5147
5434
8430 
}} 
 state_307 = {
	provinces = {
1108
1157
1288
1751
3054
3326
4073
4533
5030
6544
6560
7751
7779
8001
8065
8080
8447
8460
9601
9613
9674 
}} 
 state_326 = {
	provinces = {
1112
1781
2310
2325
2380
2479
4347
4981
5028
5701
5717
8446
9094
9098 
}} 
 state_373 = {
	provinces = {
1119
1518
1752
1864
2486
3810
4788
5442
6057
6488
6737
7267
8015
8881
10009 
}} 
 state_548 = {
	provinces = {
1120
2078
2704
3309
3322
3513
4387
6130
6741
7093
7479 
}} 
 state_86 = {
	provinces = {
1121
1131
4211
6456
6463
7431
8757 
}} 
 state_735 = {
	provinces = {
1123
1716
1733
1976
2002
2019
2623
2639
2699
3574
4166
4172
5150
5485
5749
5765
5767
5783
5813
7423
8123
8126
8435
8848
9198
9238
9256
9258
9261 
}} 
 state_85 = {
	provinces = {
1130
2229
3795
5158
5162
6392
6404
7828
8140
9167
9494
9639
9769
9813 
}} 
 state_751 = {
	provinces = {
1132
1469
1750
2917
5772
8874
8884
9538 
}} 
 state_289 = {
	provinces = {
1133
1137
2720
2769
2781
3832
6138
6828
9433 
}} 
 state_476 = {
	provinces = {
1141
1871
3181
3828
3841
4438
5961
7704
9945 
}} 
 state_427 = {
	provinces = {
1153
2557
2824
3032
3483
5258
5940
7061
7621
7940
8018
8260
8333
9080
9865
10150 
}} 
 state_423 = {
	provinces = {
1154
2106
2378
2391
2672
2684
3045
3082
5204
8590
9253
9325 
}} 
 state_157 = {
	provinces = {
1162
1667
1727
2251
2265
2305
2886
2989
3991
4039
4595 
}} 
 state_88 = {
	provinces = {
1165 
}} 
 state_532 = {
	provinces = {
1166
4950
6564 
}} 
 state_162 = {
	provinces = {
1170
1180
2398
2495
3334
4575
4939
5555
6179
7548
13275 
}} 
 state_628 = {
	provinces = {
1174
1178
5337
6604
7805
9398 
}} 
 state_734 = {
	provinces = {
1176
2072
2169
2692
2967
2979
3563
3579
3844
3900
4130
4190
5509
5821
5836
6447
6745
6811
7395
7419
7430
8877
8935
9247
9265
9673
9984
10003 
}} 
 state_344 = {
	provinces = {
1177
1448
1775
2102
3319
3653
3892
3967
4566
4582
5824
7142
7794
7847 
}} 
 state_508 = {
	provinces = {
1179
3859
4654
6319
9942 
}} 
 state_137 = {
	provinces = {
1183
1478
2076
3267
5185
5505
5805
7784
7801
7837
8544
9262
9272
10022 
}} 
 state_449 = {
	provinces = {
1185
5561
6511
13266
13267 
}} 
 state_136 = {
	provinces = {
1187
2069
6183
7490
13263 
}} 
 state_477 = {
	provinces = {
1200
1819
2783
2897
3982
5242
5962
6248
7498
7503
7507
8595
8603
9338 
}} 
 state_175 = {
	provinces = {
1203
1467
2318
2590
2790
3140
4524
4930
9255 
}} 
 state_746 = {
	provinces = {
1207
4877
6101
6729
7325
7341
8041
9443 
}} 
 state_278 = {
	provinces = {
1214
1820
1829
2450
3135
3718
3722
4323
5248
5705
7886
7902
8612
10026 
}} 
 state_517 = {
	provinces = {
1216
1230
4963
4970
5575
5577
6357
6420
6890
6893
7056
7567
7581
8553
9283
9823 
}} 
 state_662 = {
	provinces = {
1221
1764
1817
3458
8280
8295
9626 
}} 
 state_173 = {
	provinces = {
1224
1272
1353
1683
1695
1786
1954
1957
1997
2012
2373
2387
2573
2622
2635
3184
3194
3260
3776
3893
3908
4505
4521
5205
5594
5608
5716
6323
6329
6339
6343
8051
8814
9230
9233
9768
9950
9966
10047 
}} 
 state_509 = {
	provinces = {
1226
1241
1841
1844
3083
3675
3797
4398
5699
5763
6322 
}} 
 state_658 = {
	provinces = {
1231
1836
1961
2788
2796
3398
4052
4503
5190
6113
6656
7125
7218
7232
7239
7510
7523
7846
8226
8229
9644 
}} 
 state_793 = {
	provinces = {
1247
1520
9399
9729
10148 
}} 
 state_607 = {
	provinces = {
1250
2822
3642
3968
5007
5915
7209
7478
8269
8589
9007
9740
9905
10078 
}} 
 state_617 = {
	provinces = {
1251
1561
1575
2237
7668
9075 
}} 
 state_229 = {
	provinces = {
1266
1279
1442
1445
1822
2041
2664
2675
3180
7013 
}} 
 state_697 = {
	provinces = {
1280
8689 
}} 
 state_203 = {
	provinces = {
1281
1883
2376
2389
2456
2468
2502
2898
2946
3507
4053
4090
9188 
}} 
 state_402 = {
	provinces = {
1283
3206
4129
4362
5042
6569
6929
7196
8003
8368
8386
8729
8787
9141 
}} 
 state_691 = {
	provinces = {
1284
2690
5004
5884
6243
7151
8083
8633 
}} 
 state_169 = {
	provinces = {
1285
2522
3129
3144
3208
3396
3408
3740
3988
4330
6039
7231
7907
7964
7981
8293
8311
8616
9034
9349
9366 
}} 
 state_91 = {
	provinces = {
1291
4008
6077
4036
9136 
}} 
 state_92 = {
	provinces = {
1295
2236
2441
4187
4357
5557
6926
8408
8708 
}} 
 state_285 = {
	provinces = {
1298
3224
3809
4141
5727
6335
6702
7411 
}} 
 state_447 = {
	provinces = {
1300
1904
3033
3049
3632
4510
4934
5536
5539
5803
5814
5858
5874
6148
6162
6226
6425
6439
6485
6555
6853
6857
7116
7181
7197
7518
7534
7912
8314
8318
9041 
}} 
 state_435 = {
	provinces = {
1305
5388
9394 
}} 
 state_441 = {
	provinces = {
1311
1567
1902
3010
3343
4425
5441
5443
6056
7135
7599
7684
7827
8384
8805 
}} 
 state_255 = {
	provinces = {
1317
1874
1930
2309
2938
2984
3439
3442
3943
4034
4543
5011
5134
5738
7153
7159
7448
8026
8151
8422
8753
8764
8953
9150
9165
9882 
}} 
 state_309 = {
	provinces = {
1333
4127
6667
7359
9524 
}} 
 state_418 = {
	provinces = {
1335
1350
1951
1966
2260
2632
2779
4765
4772
5163
5415
5496
5987
6601
7012
9115
9521
9832 
}} 
 state_527 = {
	provinces = {
1345
4103
4117
4750
5293
5963
6476
6524
6538 
}} 
 state_94 = {
	provinces = {
1348 
}} 
 state_787 = {
	provinces = {
1363
4359
4794
4806
10112 
}} 
 state_769 = {
	provinces = {
1365
1955
3272
3538
5164
5174
6765
7198
9270
9853
9992 
}} 
 state_660 = {
	provinces = {
1367
1794
2762
3702
5333
8252
8256
8334
8638
8731
8747 
}} 
 state_333 = {
	provinces = {
1369
2324
3153
3706
4403
4563
4610
4630
6282
7645
7661
8706
9016
9594
9776
9830
9869
10115 
}} 
 state_134 = {
	provinces = {
1372
1379
1983
2042
2666
2677
3935
3946
6641
6655
6736
7383 
}} 
 state_245 = {
	provinces = {
1375
1387
1988
3294
3308
3884
7764
7942
9292
9496
9499 
}} 
 state_512 = {
	provinces = {
1376
1981
3069
3332
3598
3615
6365
7756
7820
8966
9701 
}} 
 state_572 = {
	provinces = {
1395
1410
2331
2345
2349
3708
3857
4111
4454
4882
4896
5549
5563
7025
7417
7793
8134
8520
8861
9190
9906
9923 
}} 
 state_97 = {
	provinces = {
1396
1459
2171
2548
4865
5941
6292
6502
6621
7327
8403 
}} 
 state_98 = {
	provinces = {
1404 
}} 
 state_127 = {
	provinces = {
1424
1973
3532
4083
4956
5796
7380
7937 
}} 
 state_101 = {
	provinces = {
1426
1436
2101
2794
4873
5287
5453
8834
9556
9569 
}} 
 state_102 = {
	provinces = {
1447
4059
4565
4974
8635
9363
9762
9766 
}} 
 state_709 = {
	provinces = {
1449
3078
6435
7234
8773
8846
9305
9409 
}} 
 state_218 = {
	provinces = {
1451
3002 
}} 
 state_103 = {
	provinces = {
1472
4470
4771
6109
6762
9266
9273
13260
13261
13262 
}} 
 state_637 = {
	provinces = {
1485
1544
5572
7966 
}} 
 state_763 = {
	provinces = {
1488
1929
1940
2142
3831
5357
5965
9436
9682 
}} 
 state_733 = {
	provinces = {
1499
2614
2615
4920
6646
6996
9212
9224 
}} 
 state_106 = {
	provinces = {
1508
4843
5314
5458
5919
5935
7471
8158
8173
9969 
}} 
 state_728 = {
	provinces = {
1509
2405
3362
4411
4763
5026
5157
6236
8249
9173
9420
9587
9730 
}} 
 state_135 = {
	provinces = {
1515
1857
2056
2126
2739
3697
5212
5778
5828
6449
6821
7489
8704
8942
9670 
}} 
 state_214 = {
	provinces = {
1521
1783
2980
4349
5530
5842
5883
8568
9321
9652
9924 
}} 
 state_428 = {
	provinces = {
1532
2128
2439
2932
3044
5281
5889
6804
7562
8208
9329
9337 
}} 
 state_584 = {
	provinces = {
1541
4317
4583
5268
6173
6185
6401
6814
7139
7526
7844
8119
8505
8514
8515
8522
8569
8988 
}} 
 state_350 = {
	provinces = {
1542
4619
4624
5304
5318
6273
6289
6534
6550
6902
6911 
}} 
 state_611 = {
	provinces = {
1556
1885
1898
5366
5972
7574
9097 
}} 
 state_698 = {
	provinces = {
1579
8736 
}} 
 state_568 = {
	provinces = {
1586
3758
4028
4311
4623
5381
6352
6983
9009 
}} 
 state_184 = {
	provinces = {
1587
2080
2444
2533
2702
5338
5511
5571
6977
8943
9779 
}} 
 state_260 = {
	provinces = {
1590
1600
3073
3499
3668
4092
4104
5018
5032
5472
6944
6958
7644
9357 
}} 
 state_795 = {
	provinces = {
1591
10158 
}} 
 state_109 = {
	provinces = {
1596
1608
4840
4921
5474
5477
7308
7979
8236
8375
9416 
}} 
 state_740 = {
	provinces = {
1597
3229
3240
3820
3888
4489
4500
5180
5864
7216
7329
8029
8045
8845
9361
9566
9583 
}} 
 state_609 = {
	provinces = {
1601
5343
5954
7333
7500
9029
9574 
}} 
 state_723 = {
	provinces = {
1629
1975
1977
2599
3093
3264
3732
4415
4599
4792
6493
6611
7991
9120
9588
9901 
}} 
 state_683 = {
	provinces = {
1642
2034
2375
2667
2887
3281
3287
5808
7384
8102
8539
8824 
}} 
 state_149 = {
	provinces = {
1643
1990
2241
2617
3238
4739
4743
5396
5406
7388
7632
8094
10172 
}} 
 state_408 = {
	provinces = {
1648
2243
3496
3761
4214
5070
5079
5743
6525
6580
6888
7564
8212
8832
9340 
}} 
 state_177 = {
	provinces = {
1658
2602
4457
7343
7809 
}} 
 state_313 = {
	provinces = {
1659
1675
1828
2385
2942
2994
3009
3019
3021
3132
3503
3565
3600
3617
3629
4096
4156
4160 
}} 
 state_468 = {
	provinces = {
1661
5143
5888
6132
6879
9907 
}} 
 state_646 = {
	provinces = {
1674
2909
2923
3860
8043
8047
8770 
}} 
 state_114 = {
	provinces = {
1697
2597
6723 
}} 
 state_115 = {
	provinces = {
1699
1907
2607
7037
8321
9123
13274
2357
2040
7442
8597
7818
2571 
}} 
 state_546 = {
	provinces = {
1702
3165
3426
3700
4081
4702
6341
6706
6715
9862 
}} 
 state_156 = {
	provinces = {
1714
2302
2306
2999
3068
3081
3673 
}} 
 state_564 = {
	provinces = {
1721
1737
4693
5904
5967
5968
6532
6955 
}} 
 state_625 = {
	provinces = {
1743
2067
4803
6573
6922
7032
7041
7092
7647
7742
7771
8309
8869
8903
9032 
}} 
 state_219 = {
	provinces = {
1780
1796
2746
3000
3003
3098
3307
3350
3413
3684
9504 
}} 
 state_604 = {
	provinces = {
1787
2066
6171
7138
7439 
}} 
 state_186 = {
	provinces = {
1800
1809
2691
2706
6812 
}} 
 state_679 = {
	provinces = {
1801
2714
4480
8516
8519 
}} 
 state_183 = {
	provinces = {
1804
2073
2698
3057
3643
5832
6176
7458
7476
7776
9663
9987
10062
10077 
}} 
 state_323 = {
	provinces = {
1806
2295
2654
4315
5951
6805
7982
9384
9469 
}} 
 state_424 = {
	provinces = {
1821
2044
2445
4389
4547
5232
5460
5845
5852
6582
7568
7947
8887
8889
9286
9615
9622
9748
9764
10035
10084
10098 
}} 
 state_789 = {
	provinces = {
1823
3789
4280
4327
4340
5142
5188
5692
5744
7068
7997
10122 
}} 
 state_616 = {
	provinces = {
1834
2453
5153
5653
6263
6267
6699
7340
7643
7658 
}} 
 state_120 = {
	provinces = {
1842
2492
3103 
}} 
 state_351 = {
	provinces = {
1849
4633
7248
9698 
}} 
 state_575 = {
	provinces = {
1852
2527
3279
5426
5703
6062
7039
7737
10134 
}} 
 state_588 = {
	provinces = {
1855
2164
2474
2863
6880
7082
7195 
}} 
 state_711 = {
	provinces = {
1858
2477
3014
3688
4300
4907
4984
5000
5503
5602
5617
6227
8989
9429
9484
9937 
}} 
 state_503 = {
	provinces = {
1860
3422
6242
7619
7630
7934 
}} 
 state_234 = {
	provinces = {
1887
1901
2459
2462
2509
2525
3070
3196
3211 
}} 
 state_283 = {
	provinces = {
1888
2528
2624
2638
3072
3086
3134
3150
3234
3246
3248
3262
3677
3778
3781
3830
3834
3843
4216
4227
4333
4385
4399
4914
5017
5029 
}} 
 state_217 = {
	provinces = {
1896
2998
3013
3077
3124
3511
3559
3624
4151
4218
4736 
}} 
 state_123 = {
	provinces = {
1924
5681
7292
9805 
}} 
 state_128 = {
	provinces = {
1978 
}} 
 state_596 = {
	provinces = {
1984
2612
2619
3286
3289
3877
4546
4549
7298
7314
8101
8105
8831 
}} 
 state_731 = {
	provinces = {
2011
2586
2924
3026
3274
5481
5512
6191
6687
9207 
}} 
 state_165 = {
	provinces = {
2017
2425
3575
3921
4263
7493
7870 
}} 
 state_680 = {
	provinces = {
2029
2594
2598
2643
6047
6457
6679
7070
7260
7767
7782
8528
8547
9186
9202
9278
9857 
}} 
 state_324 = {
	provinces = {
2039
4342
5074
5089
5580
5691
6142
6154
6264
6771
6883
6894
8175 
}} 
 state_483 = {
	provinces = {
2059
5330
5547
6003
8084 
}} 
 state_651 = {
	provinces = {
2062
3645
5271
8129
8855
8872 
}} 
 state_342 = {
	provinces = {
2064
2077
2689
3660
3913
3916
4256
4514
5568
5818
5834
7088
7787
8020
8202
8932
8946
9246
9263 
}} 
 state_526 = {
	provinces = {
2079
3536
3858
5326
6508
8521
9403 
}} 
 state_189 = {
	provinces = {
2081
2750
2751
3631
4369
4587
5540
5619
6516
7176
7838
9003
9648
9724 
}} 
 state_722 = {
	provinces = {
2112
3474
5122
6063
6073
8201
9113
9542
9847 
}} 
 state_760 = {
	provinces = {
2113
2725
3088
5365
6547
8920
9638
9684 
}} 
 state_661 = {
	provinces = {
2125
3114
7556
7790
8262 
}} 
 state_143 = {
	provinces = {
2150 
}} 
 state_657 = {
	provinces = {
2175
2418
2808
3328
4242
5328
5786
5936
7429
7921
8135
8207
9070 
}} 
 state_145 = {
	provinces = {
2182 
}} 
 state_298 = {
	provinces = {
2187
2669
3349
3937
4002
4604
5486
6086
6099
7463
8179 
}} 
 state_147 = {
	provinces = {
2197
5299
5409
7345
7725
7741
8445
8727
9603 
}} 
 state_648 = {
	provinces = {
2203
2219
3074
5752
5768
6907
7304
8058
8358 
}} 
 state_256 = {
	provinces = {
2209
2857
3454 
}} 
 state_412 = {
	provinces = {
2212
2847
5040
5092
5108
8049
9447
9451 
}} 
 state_666 = {
	provinces = {
2218
2223
3750
5372
8323
8700
9125 
}} 
 state_685 = {
	provinces = {
2220
7839
7857
8181
8185
8512
8564
8582
8914
8931
9972 
}} 
 state_366 = {
	provinces = {
2231
4732
6166 
}} 
 state_370 = {
	provinces = {
2261
2834
3037
3621
4733
4745
4822
5398 
}} 
 state_180 = {
	provinces = {
2270
2651
4383
4443
4758
5417
6157
6451
8434
8451 
}} 
 state_153 = {
	provinces = {
2282 
}} 
 state_506 = {
	provinces = {
2313
2941
2943
3622
3711
6306
6603
7705
9234
9951 
}} 
 state_369 = {
	provinces = {
2327
3006
3018
3679
3690
4287
4744
5587
5633
5648
6200
6212
6259
6274
6839
6954
6970 
}} 
 state_514 = {
	provinces = {
2329
3377
6220
6234
6386
6566
6691
7191
8232
8340
8550
9051
9614 
}} 
 state_209 = {
	provinces = {
2330
2955
3034
3564
4110
4170
4302
4761 
}} 
 state_185 = {
	provinces = {
2337
2703
3007
3324
4023
7485
7602
7727
8169
8242
9100
10156 
}} 
 state_409 = {
	provinces = {
2350
2960
5078
6755
7404
8502
8524 
}} 
 state_368 = {
	provinces = {
2355
4742
4754
4755
4767
4768
10058
10072
10081
10090 
}} 
 state_364 = {
	provinces = {
2381
4697
4699
4712
4719
4724
10027
10028
10042 
}} 
 state_292 = {
	provinces = {
2393
3031
3896
3942
3956 
}} 
 state_389 = {
	provinces = {
2409
4906
8961 
}} 
 state_586 = {
	provinces = {
2411
2424
2758
7152
7558 
}} 
 state_164 = {
	provinces = {
2421 
}} 
 state_675 = {
	provinces = {
2438
3851
4951
5086
5829
7462
7851
8488 
}} 
 state_168 = {
	provinces = {
2481 
}} 
 state_301 = {
	provinces = {
2493
3105
4024 
}} 
 state_191 = {
	provinces = {
2494
2756
3652
3655
4307
5262
5266
5607
5838
6112
6909
9030 
}} 
 state_282 = {
	provinces = {
2514
2900
3515
3771
6974
7660
7664 
}} 
 state_563 = {
	provinces = {
2517
4979
5582
6256
6320
6885
6897
6947
8215
9083 
}} 
 state_796 = {
	provinces = {
2526
2543
4004
4019
5865
8244
8698
9245
9571
9839
10025
10164 
}} 
 state_380 = {
	provinces = {
2532
3029
3079
3142
3626
3671
3682
4165
4231
4752
4828
4916
5401 
}} 
 state_417 = {
	provinces = {
2545
3762
5159
8007 
}} 
 state_539 = {
	provinces = {
2547
3225
4642
6625
9065
9159
9856 
}} 
 state_510 = {
	provinces = {
2583
2798
3301
3672
3887
5075
5976
6326 
}} 
 state_515 = {
	provinces = {
2591
2944
3131
3147
4162
4396
4458
5145
6309
6388
7064 
}} 
 state_176 = {
	provinces = {
2595
2748
4680
5354
6689
6750
7403
7950 
}} 
 state_178 = {
	provinces = {
2603 
}} 
 state_498 = {
	provinces = {
2636
3589
4512
6178
6182
6458
6751
8209
8945 
}} 
 state_239 = {
	provinces = {
2640
3250
3254
3500
3783
4109
4401
4760
8363 
}} 
 state_179 = {
	provinces = {
2642
2674
2733
3241
5240
5847
9661 
}} 
 state_181 = {
	provinces = {
2652
3602
8350
8452
9609 
}} 
 state_294 = {
	provinces = {
2671
2829
3438
3941
4753
6727
6739
8362
8908
8912
9090
9630 
}} 
 state_582 = {
	provinces = {
2673
5802
6424
7111
7819
5799
7890 
}} 
 state_726 = {
	provinces = {
2694
3004
6291
7513
7607
8878
9001
9142 
}} 
 state_211 = {
	provinces = {
2701
2952
2964
3016
3354
3883 
}} 
 state_187 = {
	provinces = {
2708
3870
4128
6125
6825
8531 
}} 
 state_207 = {
	provinces = {
2710
2914
4774
6207
7062 
}} 
 state_471 = {
	provinces = {
2729
3409
3989
4677
4747
5298
5346
5361
5410
5414
5905
5958
6521
7447 
}} 
 state_290 = {
	provinces = {
2744
3348
3849
3890
3894
4444
5080
5132
9573 
}} 
 state_190 = {
	provinces = {
2753
3707
4197
8272
13269
13270
13271 
}} 
 state_496 = {
	provinces = {
2755
5544
6151
7603
8305 
}} 
 state_322 = {
	provinces = {
2764
4306
9005
9428
13268 
}} 
 state_757 = {
	provinces = {
2765
3107
3115
3365
3966
4248
4261
4945
4957
5761
5867
5882
6126
6146
6454
6495
6509
6749
6763
7078
7401
8960
9604 
}} 
 state_304 = {
	provinces = {
2780
3519
3996
4044
4048
4100
4113
4592
4602
5466
6640
6652 
}} 
 state_193 = {
	provinces = {
2787 
}} 
 state_712 = {
	provinces = {
2807
3406
3421
3554
5531
5546
5695
5747
6153
7795
8990
9696
9712
9843 
}} 
 state_590 = {
	provinces = {
2827
6933
7202
7212
7932 
}} 
 state_303 = {
	provinces = {
2844
4046 
}} 
 state_664 = {
	provinces = {
2848
3148
5479
5528
5542
6150
6860
7521
8315
9024
9835 
}} 
 state_357 = {
	provinces = {
2892
4675 
}} 
 state_204 = {
	provinces = {
2901
4793 
}} 
 state_605 = {
	provinces = {
2902
3647
3836
4105
4255
4513
4857
4874
4936
5198
5213
5815
6490
6803
7052
7067
7446
7765
7834 
}} 
 state_492 = {
	provinces = {
2925
4423
4562
4709
5173
5440
6111
6434
6748
8066
8302
9307
9526 
}} 
 state_208 = {
	provinces = {
2929
7372 
}} 
 state_286 = {
	provinces = {
2935
3816
8076 
}} 
 state_504 = {
	provinces = {
2937
2947
3015
3613
3627
4220
4283
4965
5581
5641
6195
6206
6254
6827
8489 
}} 
 state_464 = {
	provinces = {
2950
3364
3469
3502
3516
3940
3954
4047
4062
4553
4601
4616
5297
5311
5359
5853
5854
6465 
}} 
 state_210 = {
	provinces = {
2963 
}} 
 state_777 = {
	provinces = {
2981
5893
6817
7016
7475
7491
7724
8136
8863
8867
9252
9267
9986
9991 
}} 
 state_430 = {
	provinces = {
3040
4022
5321
5994
6005
8014
8586
9077
9137 
}} 
 state_221 = {
	provinces = {
3047
3051
4574
4586
5623
6230
6241
7211
7628 
}} 
 state_743 = {
	provinces = {
3048
3109
5335
6163
8930
9400 
}} 
 state_223 = {
	provinces = {
3087
3091
3945
3960
7190
7900
7918
8970
9298
9301
9705 
}} 
 state_399 = {
	provinces = {
3116
4590
5021
7010
9490
9502 
}} 
 state_224 = {
	provinces = {
3118
7310
7437 
}} 
 state_226 = {
	provinces = {
3127 
}} 
 state_228 = {
	provinces = {
3146
3163
3730
7989 
}} 
 state_641 = {
	provinces = {
3175
4588
7998
3936
67 
}} 
 state_421 = {
	provinces = {
3182
3402
3495
3944
4451
4606
5128
5184
5186
5795 
}} 
 state_230 = {
	provinces = {
3187
4621
5148
6584
7221
7338
8039
8056 
}} 
 state_231 = {
	provinces = {
3188
7996 
}} 
 state_621 = {
	provinces = {
3195
5306
6492
7024
7119
7132
7716
7840
7892
7909
8418
8478
8606
8623
8678
8696
8792
8796
9149
9164
9294
9881
9958
10038 
}} 
 state_232 = {
	provinces = {
3198 
}} 
 state_233 = {
	provinces = {
3204 
}} 
 state_240 = {
	provinces = {
3269 
}} 
 state_241 = {
	provinces = {
3277 
}} 
 state_242 = {
	provinces = {
3280
6085
8480 
}} 
 state_776 = {
	provinces = {
3333
3341
5284
5294
5901
9936 
}} 
 state_379 = {
	provinces = {
3388
4823
5519
8230 
}} 
 state_656 = {
	provinces = {
3446
8178
8907
8911
9293
9368
9386
9629
9700 
}} 
 state_302 = {
	provinces = {
3450
3891
4033
6015
6027
6645
7387
7391
9105
9647 
}} 
 state_624 = {
	provinces = {
3451
3768
5739
5751
7766
7781
8778
8782 
}} 
 state_258 = {
	provinces = {
3468 
}} 
 state_335 = {
	provinces = {
3498
4086
4093
4436
4450
5081
5109
7291
9811
9824 
}} 
 state_263 = {
	provinces = {
3523 
}} 
 state_507 = {
	provinces = {
3553
4217
6308
6848
6938
6948
8412
9967 
}} 
 state_649 = {
	provinces = {
3560
4887
8107 
}} 
 state_543 = {
	provinces = {
3580
3628
3633
4159
4176
4226
4240
4820
4875
4983
4986
5455
5589
5604
6019
6035
6651
6903
7959
8221
8672 
}} 
 state_463 = {
	provinces = {
3587
4180
4397
4459
4474
4894
5826
5839
6660
6675
6709
8139
8852
9911
9915
9917
9975
9993 
}} 
 state_270 = {
	provinces = {
3625 
}} 
 state_484 = {
	provinces = {
3636
3721
4229
4276
4878
4922
5457
6018
6020 
}} 
 state_275 = {
	provinces = {
3687
4003
4017
4284
4299
4980
5663
8733
9453 
}} 
 state_724 = {
	provinces = {
3723
3736
5422
5425
8973
9106
9122
9827
10119 
}} 
 state_565 = {
	provinces = {
3731
4274
4414
6949
6964
7014
7018
9254 
}} 
 state_446 = {
	provinces = {
3734
4243
4288
5096
5527
5529
5632
6144 
}} 
 state_281 = {
	provinces = {
3770 
}} 
 state_636 = {
	provinces = {
3779
5912
6362
7237
7957
9501 
}} 
 state_601 = {
	provinces = {
3813
7368
7155 
}} 
 state_287 = {
	provinces = {
3819
6349
6713 
}} 
 state_486 = {
	provinces = {
3880
4554
6038
6600
7161
7175 
}} 
 state_293 = {
	provinces = {
3927
3934
4320
5448
6152
8972 
}} 
 state_386 = {
	provinces = {
3933
4281
4849
6199 
}} 
 state_355 = {
	provinces = {
4005
4557
4608
4667
4681
5235
5246
5355
5756
5899
6415
6602 
}} 
 state_306 = {
	provinces = {
4051
6466
7506
9020 
}} 
 state_552 = {
	provinces = {
4061
5510
6764
7499
8205
9990
13264
13265 
}} 
 state_312 = {
	provinces = {
4150 
}} 
 state_767 = {
	provinces = {
4265
7551
8656
9796 
}} 
 state_318 = {
	provinces = {
4270 
}} 
 state_456 = {
	provinces = {
4350
5031
5576
5590
5686
6104
6249
6777
6792 
}} 
 state_330 = {
	provinces = {
4367
4627
5609
7204
7617
9808
5849
1813
7706 
}} 
 state_334 = {
	provinces = {
4430
5734
6231
6348
6858
7683 
}} 
 state_505 = {
	provinces = {
4446
4461
5146
6260 
}} 
 state_458 = {
	provinces = {
4448
5405
5420
5688
5704
6313
6327 
}} 
 state_337 = {
	provinces = {
4463
5138
5476
5491
6028
6032
6649
6943 
}} 
 state_560 = {
	provinces = {
4506
5151
5636
5651
5748
6215
6262
6311
6782
6841
6845
6900
7396
7449
7565
8153 
}} 
 state_519 = {
	provinces = {
4511
4560
5149
5245
5259
5368
5755
5770
5816
5909
5925
5975
5989
6364
6369
6378
6383
6428
6431
6478
6486
6537
6541
6593
6995
7009
7011
7104
7117
7168
7251
7701
7821
7835
9107 
}} 
 state_478 = {
	provinces = {
4542
5300
5971
6022
6533
6586
7326 
}} 
 state_513 = {
	provinces = {
4568
5206
5251
5255
5801
5920
6373
6375
6483
7015
7110 
}} 
 state_629 = {
	provinces = {
4581
7808
9957 
}} 
 state_462 = {
	provinces = {
4611
5201
5806
5850
5862
6367
6998
7046
7634 
}} 
 state_349 = {
	provinces = {
4622 
}} 
 state_353 = {
	provinces = {
4660
4661
9974
9989 
}} 
 state_753 = {
	provinces = {
4668
5192
7166
7303
7318
8850
9558 
}} 
 state_360 = {
	provinces = {
4670
4683
10011 
}} 
 state_356 = {
	provinces = {
4671 
}} 
 state_359 = {
	provinces = {
4682 
}} 
 state_432 = {
	provinces = {
4692
5360
5363
5969
5984
6615
7228
9383 
}} 
 state_781 = {
	provinces = {
4695
6809
7465
7483
7786
8493
9239
9646
9718
9955
10037
10113 
}} 
 state_361 = {
	provinces = {
4696 
}} 
 state_569 = {
	provinces = {
4716
5390
6991
7374 
}} 
 state_598 = {
	provinces = {
4728
7320 
}} 
 state_365 = {
	provinces = {
4731 
}} 
 state_367 = {
	provinces = {
4741 
}} 
 state_371 = {
	provinces = {
4782 
}} 
 state_372 = {
	provinces = {
4784 
}} 
 state_375 = {
	provinces = {
4807 
}} 
 state_377 = {
	provinces = {
4816 
}} 
 state_378 = {
	provinces = {
4819 
}} 
 state_381 = {
	provinces = {
4832 
}} 
 state_382 = {
	provinces = {
4833 
}} 
 state_472 = {
	provinces = {
4846
5404
5911
5927
6528
6591
6594
7107
7156
7880 
}} 
 state_385 = {
	provinces = {
4847 
}} 
 state_454 = {
	provinces = {
4924
4928
4969
5480
5634
6090
7293
7309 
}} 
 state_401 = {
	provinces = {
5035
5702
6168
6325
6654
6669
6889
7435
8028
8042 
}} 
 state_622 = {
	provinces = {
5095
5099
7638
7709
7726
8369
8427
9988 
}} 
 state_413 = {
	provinces = {
5110 
}} 
 state_414 = {
	provinces = {
5111
5712
5788
6400
6672
8145
8560
9981 
}} 
 state_612 = {
	provinces = {
5191
5750
5766
6277
6361
6892
6905
6951
7508
7577
7641
7656
8282
8297
8356
8896
9022 
}} 
 state_426 = {
	provinces = {
5257 
}} 
 state_701 = {
	provinces = {
5324
8752 
}} 
 state_530 = {
	provinces = {
5364
5970
6548
7122
7174
7817 
}} 
 state_696 = {
	provinces = {
5418
5484
5534
6026
6095
6097
6559
6647
6661
6725
7170
7184
7235
7288
7302
7316
7330
7332
7667
7824
7893
7953
7968
8034
8157
8159
8537
8607
8679
8890
9214
9226
9411
9693 
}} 
 state_445 = {
	provinces = {
5490 
}} 
 state_520 = {
	provinces = {
5556
6430 
}} 
 state_448 = {
	provinces = {
5559 
}} 
 state_620 = {
	provinces = {
5693
5709
6419
6433
6479
7646
7703
7717
8410
8479
8968 
}}  
 state_466 = {
	provinces = {
5856
5872
6391
6423 
}} 
 state_592 = {
	provinces = {
5923
7230
7948
7963
8165
8601
8769 
}} 
 state_497 = {
	provinces = {
6100
6118
6164
6180
7069
7084
8491 
}} 
 state_494 = {
	provinces = {
6129 
}} 
 state_499 = {
	provinces = {
6188 
}} 
 state_501 = {
	provinces = {
6214 
}} 
 state_716 = {
	provinces = {
6381
6794
7193
7322
8288
8306
8802
9047
9089
9222 
}} 
 state_518 = {
	provinces = {
6427 
}} 
 state_521 = {
	provinces = {
6443
6663 
}} 
 state_523 = {
	provinces = {
6464 
}} 
 state_525 = {
	provinces = {
6503 
}} 
 state_537 = {
	provinces = {
6598 
}} 
 state_632 = {
	provinces = {
6599
6616
7223
7829
7888 
}} 
 state_540 = {
	provinces = {
6628
8085
9868 
}} 
 state_690 = {
	provinces = {
6666
7229
7247
7905
7946
8614
8632
8684
9288
9347
10018 
}} 
 state_786 = {
	provinces = {
6685
8561
8687
10105 
}} 
 state_550 = {
	provinces = {
6753
8991 
}} 
 state_556 = {
	provinces = {
6798
8767 
}} 
 state_579 = {
	provinces = {
7006
7059
7065
7580
7710
8224
8240
8372
8414
8540
9025
9087
9619 
}} 
 state_576 = {
	provinces = {
7040
8866 
}} 
 state_597 = {
	provinces = {
7299 
}} 
 state_606 = {
	provinces = {
7452
7469
8828
8898
9492 
}} 
 state_613 = {
	provinces = {
7605 
}} 
 state_615 = {
	provinces = {
7625 
}} 
 state_618 = {
	provinces = {
7670
7977 
}} 
 state_784 = {
	provinces = {
7994
10099 
}} 
 state_659 = {
	provinces = {
8245 
}} 
 state_677 = {
	provinces = {
8504 
}} 
 state_687 = {
	provinces = {
8593 
}} 
 state_714 = {
	provinces = {
9008 
}} 
 state_732 = {
	provinces = {
9219 
}} 
 state_775 = {
	provinces = {
9933 
}} 
 state_778 = {
	provinces = {
10001 
}} 
 state_790 = {
	provinces = {
10130 
}} 
 state_791 = {
	provinces = {
10145 
}} 
spare_state = {
	provinces = {
	1
338
388
451
611
625
640
1078
1244
1301
1578
1623
1665
1868
2000
2307
2351
2470
2833
2891
3231
3435
4168
4195
4440
4571
4720
4779
4866
5189
5231
5800
6007
6030
6054
6067
6158
6290
6527
6936
7113
7238
7286
7312
7313
7559
7783
7945
8011
8216
8327
8646
8717
8758
8851
9004
9228
	}
}