# Empty

mild_winter = LIST {
	37
51
53
241
255
301
363
366
462
663
679
768
839
840
886
901
920
985
1000
1014
1017
1044
1057
1085
1096
1175
1285
1300
1335
1349
1352
1400
1403
1415
1542
1554
1556
1607
1654
1671
1780
1796
1880
1888
1898
1900
1904
1941
1951
1966
1972
1979
1981
1982
1992
2001
2005
2017
2055
2144
2146
2204
2267
2269
2335
2388
2393
2399
2429
2497
2505
2522
2524
2588
2604
2626
2640
2701
2724
2742
2746
2757
2779
2900
2902
2904
2925
2934
2952
2964
3000
3003
3005
3008
3016
3033
3037
3049
3069
3098
3108
3117
3129
3144
3150
3193
3198
3208
3217
3222
3245
3250
3254
3293
3299
3307
3312
3332
3350
3396
3408
3413
3500
3510
3518
3525
3537
3562
3575
3598
3621
3632
3636
3647
3674
3684
3687
3694
3695
3698
3721
3726
3734
3740
3771
3775
3783
3790
3794
3834
3836
3840
3883
3896
3898
3907
3909
3912
3956
3988
4001
4003
4105
4109
4112
4116
4169
4173
4216
4222
4224
4237
4239
4255
4263
4271
4276
4288
4309
4330
4344
4380
4392
4395
4399
4401
4423
4494
4504
4508
4510
4513
4555
4570
4603
4618
4619
4624
4709
4745
4746
4772
4790
4822
4841
4857
4890
4914
4919
4931
4934
4936
4940
4961
4991
4995
5005
5017
5029
5068
5077
5088
5106
5193
5196
5198
5213
5243
5257
5295
5304
5318
5366
5398
5408
5415
5536
5539
5586
5601
5612
5663
5721
5745
5758
5762
5777
5779
5803
5809
5814
5815
5858
5870
5874
5885
5924
5939
5974
5987
5993
6039
6053
6111
6114
6144
6148
6162
6208
6211
6222
6226
6273
6289
6359
6371
6379
6387
6402
6425
6434
6436
6439
6484
6485
6490
6534
6540
6550
6552
6555
6589
6601
6624
6635
6659
6673
6688
6703
6734
6803
6853
6857
6902
6917
6953
6974
7017
7031
7052
7067
7116
7129
7130
7165
7180
7181
7197
7231
7246
7249
7418
7446
7493
7518
7529
7534
7547
7591
7594
7606
7612
7660
7664
7739
7743
7761
7765
7773
7775
7796
7799
7820
7834
7853
7889
7906
7907
7908
7912
7961
7964
7981
8066
8137
8177
8192
8209
8235
8254
8293
8302
8311
8314
8318
8363
8475
8506
8576
8611
8616
8620
8622
8639
8676
8692
8733
8810
8854
8864
8868
8921
8966
8978
8982
8995
8997
8999
9034
9038
9041
9059
9115
9168
9277
9306
9349
9366
9388
9417
9453
9471
9483
9504
9526
9543
9713
9715
9753
9771
9774
9791
9832
9849
9885
10106
10128

}

normal_winter = LIST {
	7
9
11
12
15
18
23
26
28
31
33
38
39
43
55
78
81
87
96
101
107
113
121
125
127
133
136
140
142
143
150
155
157
160
166
189
197
198
203
207
209
215
221
223
227
232
234
242
267
268
280
285
288
289
290
294
298
304
312
322
326
328
337
347
348
350
354
361
362
376
394
400
407
411
412
414
416
417
422
430
432
436
444
450
456
461
463
466
468
470
472
473
475
477
479
485
488
490
492
496
501
504
507
509
510
513
516
519
520
527
532
533
536
539
542
552
554
556
560
561
563
564
568
580
582
583
601
604
605
641
643
647
652
654
656
658
660
661
664
665
667
669
687
698
702
705
708
711
714
715
718
722
727
734
737
745
748
750
751
752
758
759
760
762
763
771
777
779
782
785
813
818
822
827
834
841
849
852
854
861
864
872
914
915
921
927
933
940
947
949
958
960
972
978
979
983
988
990
997
998
1026
1034
1040
1042
1050
1054
1055
1059
1061
1065
1069
1073
1075
1086
1087
1093
1095
1098
1099
1101
1104
1107
1111
1113
1116
1117
1120
1124
1126
1129
1132
1134
1139
1140
1141
1142
1144
1148
1152
1158
1160
1162
1173
1176
1186
1189
1191
1195
1199
1211
1212
1219
1224
1225
1227
1230
1232
1240
1259
1260
1261
1263
1265
1267
1269
1272
1273
1276
1277
1278
1287
1290
1303
1307
1311
1325
1331
1336
1338
1347
1353
1359
1373
1374
1376
1381
1388
1392
1399
1422
1435
1450
1455
1460
1462
1473
1475
1480
1486
1490
1495
1530
1535
1537
1547
1549
1553
1566
1567
1570
1593
1599
1601
1605
1620
1631
1642
1646
1648
1649
1657
1662
1663
1666
1667
1669
1675
1681
1683
1685
1687
1689
1695
1698
1700
1705
1708
1710
1713
1715
1722
1724
1736
1738
1740
1744
1750
1754
1756
1757
1758
1759
1760
1769
1772
1773
1774
1782
1784
1786
1798
1808
1816
1818
1828
1831
1835
1840
1843
1861
1869
1870
1871
1873
1877
1878
1879
1882
1890
1891
1894
1906
1909
1921
1926
1932
1934
1936
1937
1939
1942
1946
1952
1954
1957
1986
1987
1989
1997
2003
2008
2012
2023
2031
2037
2057
2058
2072
2078
2082
2084
2088
2092
2111
2115
2131
2132
2134
2135
2154
2157
2158
2161
2169
2180
2183
2184
2190
2191
2192
2206
2217
2222
2231
2239
2243
2244
2245
2246
2247
2249
2251
2253
2256
2261
2265
2271
2273
2275
2281
2287
2301
2305
2310
2312
2316
2321
2325
2326
2339
2358
2360
2369
2371
2373
2374
2383
2387
2397
2407
2412
2414
2427
2440
2442
2447
2451
2454
2458
2460
2463
2465
2467
2474
2478
2499
2501
2503
2508
2512
2514
2516
2530
2534
2559
2561
2562
2563
2565
2567
2569
2570
2573
2576
2578
2582
2585
2610
2613
2620
2621
2622
2624
2630
2631
2635
2646
2673
2685
2686
2692
2704
2707
2713
2715
2721
2726
2728
2737
2741
2752
2766
2768
2770
2774
2777
2791
2803
2817
2830
2838
2839
2841
2852
2853
2863
2868
2883
2885
2886
2887
2894
2913
2915
2919
2936
2942
2967
2979
2986
2988
2989
2992
2994
2996
3001
3010
3011
3017
3019
3023
3025
3027
3031
3051
3059
3061
3065
3071
3075
3084
3085
3089
3121
3132
3136
3138
3174
3181
3183
3184
3186
3194
3207
3212
3230
3232
3234
3239
3244
3256
3260
3270
3272
3281
3287
3300
3309
3314
3316
3320
3322
3325
3327
3330
3337
3346
3354
3357
3380
3382
3383
3391
3417
3423
3443
3444
3449
3463
3465
3477
3481
3486
3494
3496
3498
3503
3508
3513
3515
3517
3521
3531
3543
3546
3550
3563
3565
3568
3569
3577
3579
3583
3595
3600
3604
3610
3611
3612
3615
3616
3617
3623
3625
3628
3633
3638
3657
3662
3666
3667
3676
3679
3681
3689
3690
3713
3715
3716
3717
3719
3724
3728
3761
3764
3765
3766
3776
3787
3788
3791
3803
3814
3821
3828
3829
3837
3841
3842
3844
3846
3865
3868
3873
3875
3878
3882
3893
3897
3900
3904
3908
3914
3918
3921
3923
3930
3942
3959
3962
3970
3973
3978
3981
3983
3984
3991
3994
4011
4016
4017
4039
4040
4042
4057
4067
4072
4074
4086
4089
4091
4093
4098
4102
4107
4119
4125
4132
4143
4158
4175
4176
4177
4179
4188
4190
4198
4202
4214
4219
4223
4226
4229
4230
4232
4233
4245
4251
4273
4275
4279
4284
4292
4297
4299
4305
4322
4326
4360
4373
4374
4376
4381
4382
4387
4405
4406
4419
4429
4434
4436
4438
4442
4450
4466
4469
4478
4481
4482
4490
4501
4505
4515
4517
4521
4530
4538
4539
4541
4553
4568
4595
4598
4600
4607
4613
4623
4657
4659
4665
4668
4679
4688
4708
4713
4727
4728
4730
4732
4733
4735
4737
4738
4740
4744
4751
4760
4761
4781
4812
4829
4852
4864
4874
4875
4876
4880
4886
4910
4917
4922
4946
4968
4976
4980
4981
4983
4986
4987
4990
4993
4999
5001
5008
5028
5033
5043
5049
5052
5064
5069
5079
5081
5082
5090
5098
5102
5105
5109
5115
5117
5118
5120
5124
5130
5131
5136
5140
5144
5156
5165
5168
5171
5177
5179
5181
5191
5192
5200
5205
5206
5209
5217
5238
5260
5270
5286
5292
5296
5311
5342
5343
5348
5352
5364
5375
5377
5381
5385
5394
5395
5400
5402
5403
5412
5433
5441
5456
5457
5463
5478
5493
5502
5509
5518
5520
5522
5523
5526
5527
5533
5574
5594
5596
5604
5605
5608
5616
5618
5626
5633
5639
5656
5665
5670
5676
5683
5684
5685
5696
5700
5706
5711
5716
5718
5720
5723
5724
5731
5733
5742
5743
5750
5754
5759
5764
5772
5781
5789
5790
5793
5798
5799
5802
5808
5812
5817
5819
5821
5825
5836
5865
5894
5900
5902
5903
5904
5910
5914
5917
5920
5929
5954
5961
5964
5980
5995
5997
6008
6014
6016
6018
6025
6052
6106
6110
6124
6128
6130
6140
6143
6147
6155
6166
6178
6182
6192
6193
6194
6198
6201
6202
6205
6210
6221
6230
6232
6275
6277
6300
6301
6303
6310
6317
6323
6324
6329
6331
6332
6334
6339
6343
6345
6346
6354
6358
6361
6365
6373
6376
6384
6389
6399
6403
6412
6413
6414
6418
6422
6424
6427
6437
6445
6447
6450
6455
6461
6483
6520
6525
6530
6531
6532
6535
6539
6542
6545
6548
6557
6570
6578
6580
6581
6583
6590
6592
6617
6644
6648
6650
6658
6686
6701
6711
6733
6741
6745
6746
6747
6748
6757
6761
6767
6769
6772
6776
6786
6789
6796
6811
6819
6830
6831
6832
6835
6838
6842
6843
6849
6852
6861
6864
6874
6876
6886
6888
6901
6903
6919
6930
6939
6940
6950
6951
6959
6969
6970
6971
6973
6976
6978
6981
6985
6989
6992
6999
7002
7007
7028
7029
7040
7043
7045
7048
7049
7050
7053
7058
7076
7081
7082
7090
7093
7101
7106
7110
7111
7112
7114
7151
7157
7160
7166
7169
7172
7173
7183
7186
7210
7211
7217
7219
7262
7279
7291
7303
7311
7318
7320
7324
7328
7331
7333
7334
7344
7347
7351
7356
7360
7362
7367
7369
7371
7373
7375
7395
7407
7411
7412
7415
7424
7427
7430
7452
7473
7479
7500
7501
7502
7505
7508
7509
7511
7514
7524
7528
7536
7544
7563
7564
7566
7573
7577
7578
7592
7599
7628
7636
7637
7640
7641
7649
7651
7654
7655
7674
7679
7692
7696
7699
7704
7708
7721
7723
7738
7756
7762
7770
7780
7791
7806
7814
7815
7819
7823
7833
7855
7861
7868
7875
7881
7884
7885
7890
7894
7897
7901
7914
7931
7941
7948
7963
7978
7995
8006
8008
8021
8022
8025
8027
8032
8037
8040
8044
8048
8051
8060
8064
8069
8072
8075
8077
8078
8086
8095
8102
8112
8115
8117
8131
8187
8212
8213
8214
8222
8225
8227
8231
8237
8248
8263
8273
8277
8281
8282
8283
8284
8298
8301
8345
8347
8352
8355
8365
8367
8378
8380
8382
8400
8411
8419
8426
8441
8443
8458
8470
8471
8473
8482
8485
8487
8499
8501
8517
8526
8535
8543
8546
8558
8580
8601
8605
8608
8615
8621
8625
8626
8628
8644
8656
8666
8670
8681
8688
8718
8720
8721
8735
8763
8765
8771
8776
8779
8785
8791
8795
8798
8814
8816
8817
8824
8828
8832
8835
8841
8850
8859
8866
8874
8877
8884
8891
8905
8909
8933
8935
8948
8951
8952
8954
8956
8959
8965
8967
8980
8984
9012
9014
9021
9023
9026
9029
9033
9049
9053
9072
9081
9091
9094
9098
9111
9126
9138
9144
9151
9153
9169
9172
9174
9177
9185
9208
9210
9213
9217
9223
9230
9231
9233
9240
9243
9244
9245
9247
9257
9260
9265
9274
9276
9292
9299
9302
9307
9318
9326
9340
9345
9348
9353
9354
9356
9358
9360
9371
9372
9379
9407
9410
9412
9419
9425
9434
9437
9440
9442
9444
9446
9455
9457
9458
9475
9489
9492
9495
9505
9512
9522
9529
9532
9538
9539
9547
9555
9557
9558
9567
9574
9578
9580
9584
9589
9591
9600
9605
9611
9617
9636
9638
9642
9651
9655
9657
9673
9677
9683
9686
9689
9692
9695
9701
9702
9716
9732
9736
9739
9744
9745
9746
9749
9752
9755
9758
9761
9768
9785
9787
9811
9816
9824
9831
9834
9859
9873
9887
9894
9897
9904
9910
9913
9928
9943
9945
9948
9949
9950
9952
9956
9962
9963
9964
9966
9973
9977
9984
9995
10000
10005
10013
10016
10017
10020
10025
10030
10031
10047
10059
10068
10075
10082
10092
10094
10096
10100
10102
10107
10111
10114
10116
10117
10129
10133
10138
10151
10160
10164
10167

}

severe_winter = LIST {
	10
13
24
42
52
56
64
70
77
91
103
105
109
123
132
152
159
163
168
171
174
181
194
214
216
220
251
262
277
287
291
319
321
330
333
335
341
344
346
367
369
375
382
383
397
399
404
418
427
428
435
448
453
455
457
465
481
494
498
558
566
567
587
589
593
596
600
603
607
613
616
617
621
629
632
635
642
649
662
677
678
680
681
691
692
697
703
710
725
740
754
772
787
789
799
803
805
811
817
836
851
883
898
934
945
952
954
955
962
965
967
971
973
975
984
1001
1015
1018
1024
1031
1032
1049
1068
1071
1079
1083
1084
1094
1115
1122
1128
1192
1200
1213
1233
1236
1247
1251
1284
1293
1298
1299
1302
1304
1313
1318
1322
1324
1339
1351
1365
1371
1378
1397
1412
1414
1416
1428
1430
1441
1506
1520
1541
1561
1563
1568
1575
1577
1580
1582
1585
1589
1592
1603
1604
1612
1616
1619
1626
1628
1638
1639
1645
1650
1653
1655
1680
1693
1706
1707
1720
1727
1728
1742
1748
1765
1819
1827
1832
1847
1851
1855
1875
1899
1903
1905
1918
1924
1931
1938
1955
1971
1991
2010
2014
2016
2026
2038
2099
2123
2137
2159
2164
2166
2167
2172
2174
2179
2186
2205
2210
2228
2230
2232
2237
2264
2278
2289
2293
2298
2311
2333
2347
2352
2362
2364
2365
2366
2367
2370
2401
2448
2449
2455
2482
2498
2523
2540
2542
2549
2554
2558
2560
2577
2589
2605
2611
2618
2633
2648
2650
2660
2665
2670
2676
2682
2687
2772
2800
2805
2815
2819
2825
2831
2842
2845
2858
2864
2865
2866
2877
2879
2882
2890
2897
2906
2912
2921
2926
2930
2933
2939
2940
2951
2966
2969
2971
2972
2981
2985
2991
3047
3120
3145
3152
3156
3162
3166
3169
3173
3179
3209
3224
3228
3258
3263
3275
3280
3284
3292
3298
3305
3339
3352
3397
3414
3419
3428
3430
3433
3437
3440
3448
3461
3470
3475
3476
3479
3485
3489
3491
3524
3529
3538
3542
3545
3547
3548
3552
3571
3585
3586
3594
3597
3599
3645
3659
3712
3729
3745
3751
3754
3759
3767
3809
3819
3823
3825
3843
3861
3871
3876
3886
3915
3948
3980
3982
3987
4018
4021
4030
4038
4065
4069
4079
4082
4084
4088
4095
4130
4133
4140
4141
4144
4145
4155
4181
4192
4201
4210
4236
4253
4265
4272
4294
4303
4317
4345
4355
4361
4363
4365
4368
4378
4412
4426
4432
4437
4473
4475
4486
4488
4499
4544
4551
4574
4577
4581
4583
4586
4589
4594
4625
4635
4636
4646
4648
4651
4653
4656
4666
4685
4703
4704
4710
4717
4762
4773
4787
4796
4799
4800
4801
4804
4805
4814
4815
4821
4827
4839
4860
4899
4901
4905
4913
4960
4962
5004
5006
5010
5016
5041
5046
5048
5061
5067
5070
5072
5073
5097
5103
5114
5126
5137
5164
5174
5183
5187
5226
5233
5242
5268
5271
5274
5277
5280
5282
5289
5301
5308
5319
5332
5336
5340
5367
5371
5382
5383
5387
5392
5393
5397
5427
5445
5447
5464
5469
5475
5501
5513
5517
5558
5569
5573
5585
5611
5621
5623
5625
5631
5646
5649
5662
5664
5675
5679
5681
5715
5727
5730
5736
5740
5776
5780
5792
5843
5880
5884
5893
5896
5913
5926
5928
5943
5950
5956
5962
5978
5988
5991
6004
6006
6010
6011
6013
6017
6074
6078
6080
6082
6085
6089
6094
6127
6134
6137
6139
6170
6173
6185
6190
6197
6235
6241
6243
6248
6272
6278
6279
6288
6293
6305
6307
6335
6338
6342
6349
6356
6360
6366
6393
6401
6407
6409
6410
6416
6429
6432
6467
6475
6500
6512
6517
6523
6556
6571
6577
6607
6622
6623
6629
6633
6634
6637
6639
6671
6702
6704
6707
6713
6714
6719
6720
6730
6754
6765
6773
6814
6817
6824
6829
6840
6859
6867
6872
6878
6880
6882
6918
6932
6942
6965
6968
6984
6993
6997
7003
7016
7030
7051
7055
7102
7139
7141
7163
7195
7198
7200
7201
7215
7250
7252
7257
7268
7269
7271
7277
7284
7285
7289
7292
7295
7300
7317
7321
7350
7365
7377
7419
7422
7441
7445
7450
7475
7491
7498
7503
7504
7507
7520
7526
7538
7546
7551
7557
7561
7611
7615
7616
7627
7629
7668
7671
7672
7676
7681
7687
7690
7698
7724
7740
7752
7757
7758
7798
7808
7811
7830
7844
7863
7866
7873
7879
7913
7917
7919
7923
7928
7929
7933
7935
7938
7944
7956
7969
7974
7988
7990
8004
8010
8012
8035
8046
8068
8083
8087
8088
8097
8108
8119
8124
8125
8136
8143
8146
8152
8154
8156
8160
8166
8191
8206
8210
8223
8246
8251
8265
8267
8275
8292
8308
8313
8317
8319
8326
8335
8336
8343
8344
8373
8374
8392
8393
8398
8404
8409
8420
8429
8444
8448
8450
8462
8476
8477
8480
8492
8495
8505
8514
8515
8522
8523
8532
8569
8573
8575
8584
8588
8595
8603
8609
8633
8640
8642
8648
8650
8651
8657
8660
8662
8664
8693
8712
8714
8728
8732
8734
8737
8748
8755
8760
8762
8775
8794
8800
8812
8819
8821
8826
8838
8847
8863
8867
8886
8895
8897
8899
8923
8924
8940
8976
8988
8992
8994
9006
9018
9040
9058
9060
9073
9074
9075
9076
9079
9082
9084
9085
9096
9116
9132
9133
9134
9143
9145
9157
9175
9192
9194
9206
9215
9227
9248
9252
9267
9268
9270
9280
9289
9300
9303
9312
9320
9322
9334
9338
9342
9373
9375
9391
9395
9396
9399
9401
9405
9452
9454
9460
9472
9473
9491
9493
9498
9509
9514
9528
9534
9545
9549
9553
9562
9568
9586
9596
9597
9602
9620
9634
9640
9659
9675
9681
9710
9727
9729
9773
9780
9792
9795
9796
9797
9801
9805
9807
9809
9812
9815
9819
9829
9845
9850
9853
9854
9867
9872
9878
9883
9886
9892
9908
9914
9925
9930
9938
9944
9947
9957
9959
9961
9986
9991
9992
10003
10024
10029
10048
10051
10070
10091
10136
10142
10147
10148
10154
10162

}

arid = LIST {
	3
111
116
120
153
169
170
213
226
228
276
433
446
634
636
742
786
795
850
857
909
1035
1058
1066
1077
1315
1348
1362
1421
1469
1476
1519
1579
1640
1678
1702
1732
1739
1770
1783
1964
2013
2025
2027
2062
2071
2075
2197
2221
2233
2276
2343
2354
2356
2659
2700
2818
2827
2917
2927
2970
2977
3053
3165
3233
3271
3282
3584
3593
3650
3654
3661
3663
3700
3744
3867
3925
3975
4028
4142
4189
4191
4199
4246
4260
4268
4349
4476
4516
4527
4529
4702
4716
4791
4867
4897
4904
4923
4955
4958
5009
5062
5122
5265
5276
5390
5409
5413
5530
5560
5562
5570
5597
5620
5722
5729
5732
5757
5785
5835
5837
5842
6021
6045
6063
6065
6233
6302
6352
6396
6406
6446
6453
6462
6554
6642
6706
6924
6933
6991
7091
7098
7134
7202
7212
7315
7374
7436
7522
7527
7619
7731
7753
7810
7812
7872
7874
7932
8013
8074
8082
8103
8118
8129
8148
8201
8203
8389
8391
8449
8469
8568
8572
8587
8596
8736
8797
8809
8811
8822
8855
8872
8882
8883
8934
8950
9113
9191
9335
9474
9497
9548
9652
9672
9888
9941
10069
10074
10083

}
