object={
	name="pink_tree_generator_1_0"
	clamp_to_water_level=no
	render_under_water=no
	generated_content=yes
	layer="oak_tree_layer"
	pdxmesh="pink_tree_mesh"
	count=61
	transform="7059.564941 0.000000 2352.439941 0.000000 0.606220 0.000000 0.795297 1.000000 1.000000 1.000000
7052.227051 0.000000 2347.086914 0.000000 0.416771 0.000000 0.909011 1.000000 1.000000 1.000000
7060.712891 0.000000 2344.359619 0.000000 0.961617 0.000000 -0.274396 1.000000 1.000000 1.000000
7050.257812 0.000000 2349.160400 0.000000 0.221076 0.000000 0.975257 1.000000 1.000000 1.000000
7053.149902 0.000000 2349.906494 0.000000 0.591120 0.000000 0.806583 1.000000 1.000000 1.000000
7058.255859 0.000000 2344.297119 0.000000 0.407839 0.000000 0.913054 1.000000 1.000000 1.000000
7061.272949 0.000000 2350.739258 0.000000 0.977973 0.000000 0.208732 1.000000 1.000000 1.000000
7059.885254 0.000000 2350.039307 0.000000 0.999984 0.000000 -0.005654 1.000000 1.000000 1.000000
7099.528809 0.000000 2400.375977 0.000000 0.995219 0.000000 0.097664 1.000000 1.000000 1.000000
7099.019043 0.000000 2403.895508 0.000000 0.872093 0.000000 -0.489339 1.065105 1.065105 1.065105
7114.257812 0.000000 2413.160400 0.000000 0.922320 0.000000 -0.386427 1.000000 1.000000 1.000000
7107.051270 0.000000 2408.553955 0.000000 0.338265 0.000000 -0.941051 1.000000 1.000000 1.000000
7162.618652 0.000000 2426.008789 0.000000 0.962621 0.000000 -0.270852 1.000000 1.000000 1.000000
7167.496094 0.000000 2428.863281 0.000000 0.576582 0.000000 0.817039 1.000000 1.000000 1.000000
7071.272461 0.000000 2440.581787 0.000000 0.868870 0.000000 0.495040 1.000000 1.000000 1.000000
7072.750488 0.000000 2439.931396 0.000000 0.912592 0.000000 0.408870 1.000000 1.000000 1.000000
7114.226074 0.000000 2455.660400 0.000000 0.919268 0.000000 -0.393633 1.000000 1.000000 1.000000
7117.586426 0.000000 2454.223389 0.000000 0.958774 0.000000 -0.284171 1.000000 1.000000 1.000000
7109.382812 0.000000 2449.030518 0.000000 0.996266 0.000000 -0.086331 1.000000 1.000000 1.000000
7113.388672 0.000000 2468.416260 0.000000 0.982905 0.000000 -0.184111 1.000000 1.000000 1.000000
7140.838379 0.000000 2471.271484 0.000000 0.602064 0.000000 0.798448 1.000000 1.000000 1.000000
7142.796875 0.000000 2471.534180 0.000000 0.535457 0.000000 -0.844563 1.000000 1.000000 1.000000
7200.062988 0.000000 2462.168213 0.000000 0.994190 0.000000 0.107636 1.000000 1.000000 1.000000
7202.745605 0.000000 2462.834229 0.000000 0.237422 0.000000 0.971407 1.000000 1.000000 1.000000
7206.390625 0.000000 2461.003662 0.000000 0.628358 0.000000 -0.777924 1.000000 1.000000 1.000000
7213.149902 0.000000 2509.906494 0.000000 0.525129 0.000000 -0.851023 1.000000 1.000000 1.000000
7210.013184 0.000000 2513.334717 0.000000 0.433788 0.000000 0.901015 1.000000 1.000000 1.000000
7210.877930 0.000000 2502.022461 0.000000 0.921499 0.000000 -0.388381 1.000000 1.000000 1.000000
7257.788086 0.000000 2532.828125 0.000000 0.130606 0.000000 -0.991434 1.000000 1.000000 1.000000
7245.751465 0.000000 2559.674561 0.000000 0.954587 0.000000 -0.297933 1.000000 1.000000 1.000000
7267.295410 0.000000 2542.797363 0.000000 0.953492 0.000000 -0.301420 1.000000 1.000000 1.000000
7267.965820 0.000000 2538.703613 0.000000 0.234075 0.000000 -0.972219 1.000000 1.000000 1.000000
7267.643066 0.000000 2545.334229 0.000000 0.368971 0.000000 -0.929441 1.000000 1.000000 1.000000
7268.878418 0.000000 2540.895020 0.000000 0.504274 0.000000 0.863543 1.000000 1.000000 1.000000
7276.188965 0.000000 2548.624023 0.000000 0.624027 0.000000 -0.781403 1.000000 1.000000 1.000000
7242.765137 0.000000 2563.092529 0.000000 0.904480 0.000000 0.426516 1.000000 1.000000 1.000000
7256.275391 0.000000 2591.424072 0.000000 0.243960 0.000000 -0.969785 1.000000 1.000000 1.000000
7268.564941 0.000000 2585.740723 0.000000 0.684263 0.000000 0.729235 1.000000 1.000000 1.000000
7267.509277 0.000000 2584.407471 0.000000 0.516228 0.000000 0.856451 1.000000 1.000000 1.000000
7261.641113 0.000000 2599.481201 0.000000 0.365060 0.000000 -0.930984 1.000000 1.000000 1.000000
7286.211914 0.000000 2620.806641 0.000000 0.033129 0.000000 -0.999451 1.000000 1.000000 1.000000
7273.545898 0.000000 2598.960693 0.000000 0.754655 0.000000 0.656122 1.000000 1.000000 1.000000
7272.678711 0.000000 2646.482178 0.000000 0.873760 0.000000 0.486357 1.000000 1.000000 1.000000
7277.590820 0.000000 2649.941650 0.000000 0.945184 0.000000 0.326539 1.000000 1.000000 1.000000
7276.589355 0.000000 2648.145020 0.000000 0.991059 0.000000 0.133422 1.000000 1.000000 1.000000
7291.019043 0.000000 2627.895508 0.000000 0.421509 0.000000 0.906824 1.000000 1.000000 1.000000
7268.732422 0.000000 2679.251465 0.000000 0.253521 0.000000 -0.967330 1.000000 1.000000 1.000000
7275.455078 0.000000 2657.180420 0.000000 0.333486 0.000000 -0.942755 1.000000 1.000000 1.000000
7284.932617 0.000000 2673.441895 0.000000 0.951911 0.000000 0.306376 1.000000 1.000000 1.000000
7278.564941 0.000000 2669.535889 0.000000 0.683715 0.000000 0.729749 0.895855 0.895855 0.895855
7267.790039 0.000000 2668.126465 0.000000 0.755129 0.000000 -0.655576 1.000000 1.000000 1.000000
7272.467285 0.000000 2751.230469 0.000000 0.959576 0.000000 -0.281449 1.000000 1.000000 1.000000
7275.455078 0.000000 2753.180420 0.000000 0.852746 0.000000 0.522326 1.000000 1.000000 1.000000
7284.653809 0.000000 2753.345459 0.000000 0.807833 0.000000 0.589412 1.000000 1.000000 1.000000
7305.216309 0.000000 2753.948975 0.000000 0.905266 0.000000 0.424846 1.000000 1.000000 1.000000
7301.356445 0.000000 2754.448486 0.000000 0.202111 0.000000 0.979363 1.000000 1.000000 1.000000
7346.259766 0.000000 2766.163330 0.000000 0.913273 0.000000 0.407348 1.000000 1.000000 1.000000
7312.726562 0.000000 2801.135498 0.000000 0.029702 0.000000 -0.999559 1.000000 1.000000 1.000000
7339.488281 0.000000 2799.720703 0.000000 0.419954 0.000000 0.907545 1.000000 1.000000 1.000000
7348.712891 0.000000 2792.359619 0.000000 0.521170 0.000000 -0.853453 1.000000 1.000000 1.000000
7372.380859 0.000000 2769.192871 0.000000 0.743835 0.000000 0.668363 1.000000 1.000000 1.000000
"}
object={
	name="pink_tree_generator_1_1"
	clamp_to_water_level=no
	render_under_water=no
	generated_content=yes
	layer="oak_tree_layer"
	pdxmesh="pink_tree_variation_1_mesh"
	count=48
	transform="7038.760742 0.000000 2398.381104 0.000000 0.526448 0.000000 0.850207 1.000000 1.000000 1.000000
7039.016602 0.000000 2401.175537 0.000000 0.974410 0.000000 -0.224777 1.000000 1.000000 1.000000
7058.259766 0.000000 2350.163330 0.000000 0.113561 0.000000 -0.993531 1.000000 1.000000 1.000000
7065.788086 0.000000 2372.828125 0.000000 0.019367 0.000000 -0.999812 1.000000 1.000000 1.000000
7052.589355 0.000000 2392.145020 0.000000 0.696312 0.000000 0.717739 1.000000 1.000000 1.000000
7066.977539 0.000000 2377.174072 0.000000 0.255500 0.000000 0.966809 1.000000 1.000000 1.000000
7101.164551 0.000000 2401.543945 0.000000 0.973057 0.000000 -0.230566 1.000000 1.000000 1.000000
7116.227051 0.000000 2411.086914 0.000000 0.982150 0.000000 0.188097 1.000000 1.000000 1.000000
7125.700684 0.000000 2410.572754 0.000000 0.001546 0.000000 -0.999999 1.000000 1.000000 1.000000
7161.993164 0.000000 2418.484131 0.000000 0.528570 0.000000 0.848890 1.000000 1.000000 1.000000
7160.217285 0.000000 2419.063477 0.000000 0.013760 0.000000 -0.999905 1.000000 1.000000 1.000000
7098.001953 0.000000 2447.777588 0.000000 0.827578 0.000000 0.561350 1.000000 1.000000 1.000000
7101.951172 0.000000 2451.078613 0.000000 0.446122 0.000000 0.894972 1.000000 1.000000 1.000000
7072.110352 0.000000 2441.407959 0.000000 0.303254 0.000000 -0.952910 1.000000 1.000000 1.000000
7097.099121 0.000000 2446.427002 0.000000 0.005416 0.000000 -0.999985 1.000000 1.000000 1.000000
7165.164551 0.000000 2433.543945 0.000000 0.305115 0.000000 -0.952316 1.000000 1.000000 1.000000
7113.545898 0.000000 2470.960693 0.000000 0.984962 0.000000 0.172772 1.000000 1.000000 1.000000
7147.455078 0.000000 2465.180420 0.000000 0.960860 0.000000 0.277035 1.000000 1.000000 1.000000
7200.199219 0.000000 2463.934082 0.000000 0.061916 0.000000 0.998081 1.000000 1.000000 1.000000
7212.227051 0.000000 2507.086914 0.000000 0.624104 0.000000 0.781341 1.000000 1.000000 1.000000
7210.257812 0.000000 2509.160400 0.000000 0.982263 0.000000 0.187510 1.000000 1.000000 1.000000
7211.839844 0.000000 2500.619385 0.000000 0.687326 0.000000 0.726349 1.000000 1.000000 1.000000
7254.988770 0.000000 2521.962891 0.000000 0.168347 0.000000 0.985728 1.000000 1.000000 1.000000
7257.669922 0.000000 2523.390381 0.000000 0.398996 0.000000 -0.916953 1.000000 1.000000 1.000000
7243.785156 0.000000 2559.091064 0.000000 0.534825 0.000000 0.844963 1.000000 1.000000 1.000000
7272.689453 0.000000 2543.811279 0.000000 0.443616 0.000000 0.896217 1.000000 1.000000 1.000000
7257.393555 0.000000 2590.336914 0.000000 0.687745 0.000000 0.725953 1.000000 1.000000 1.000000
7249.470215 0.000000 2563.062744 0.000000 0.976930 0.000000 -0.213562 1.000000 1.000000 1.000000
7278.699219 0.000000 2589.547852 0.000000 0.996530 0.000000 0.083229 1.000000 1.000000 1.000000
7260.527832 0.000000 2595.412109 0.000000 0.963156 0.000000 0.268945 1.000000 1.000000 1.000000
7263.497070 0.000000 2598.023926 0.000000 0.999800 0.000000 -0.019996 1.000000 1.000000 1.000000
7294.508789 0.000000 2619.698486 0.000000 0.982445 0.000000 0.186551 1.000000 1.000000 1.000000
7288.190430 0.000000 2620.594971 0.000000 0.832506 0.000000 0.554017 1.000000 1.000000 1.000000
7290.340332 0.000000 2626.454102 0.000000 0.941703 0.000000 -0.336444 1.000000 1.000000 1.000000
7277.586426 0.000000 2646.223389 0.000000 0.982896 0.000000 0.184163 1.000000 1.000000 1.000000
7266.472656 0.000000 2668.570068 0.000000 0.854490 0.000000 -0.519468 1.000000 1.000000 1.000000
7279.720215 0.000000 2668.399414 0.000000 0.999664 0.000000 -0.025926 1.003301 1.003301 1.003301
7283.844727 0.000000 2750.519531 0.000000 0.207515 0.000000 -0.978232 1.000000 1.000000 1.000000
7303.825195 0.000000 2752.071533 0.000000 0.822267 0.000000 0.569101 1.000000 1.000000 1.000000
7335.390137 0.000000 2765.223877 0.000000 0.457505 0.000000 0.889207 1.000000 1.000000 1.000000
7334.377441 0.000000 2762.934082 0.000000 0.163292 0.000000 0.986578 1.000000 1.000000 1.000000
7347.885254 0.000000 2766.039307 0.000000 0.692655 0.000000 0.721269 1.000000 1.000000 1.000000
7311.686523 0.000000 2798.603760 0.000000 0.959408 0.000000 0.282022 1.000000 1.000000 1.000000
7349.700684 0.000000 2794.572754 0.000000 0.632901 0.000000 0.774233 1.000000 1.000000 1.000000
7338.013184 0.000000 2801.334717 0.000000 0.760753 0.000000 0.649042 1.000000 1.000000 1.000000
7348.553711 0.000000 2795.209961 0.000000 0.882255 0.000000 0.470772 1.000000 1.000000 1.000000
7361.328613 0.000000 2776.902100 0.000000 0.538373 0.000000 0.842707 1.000000 1.000000 1.000000
7308.483398 0.000000 2825.083252 0.000000 0.621697 0.000000 0.783258 1.000000 1.000000 1.000000
"}
object={
	name="pink_tree_generator_1_2"
	clamp_to_water_level=no
	render_under_water=no
	generated_content=yes
	layer="oak_tree_layer"
	pdxmesh="pink_tree_variation_2_mesh"
	count=41
	transform="7037.164551 0.000000 2401.543945 0.000000 0.463983 0.000000 0.885844 1.000000 1.000000 1.000000
7037.879395 0.000000 2400.053467 0.000000 0.999196 0.000000 -0.040082 1.000000 1.000000 1.000000
7044.732422 0.000000 2359.251465 0.000000 0.998183 0.000000 -0.060262 1.000000 1.000000 1.000000
7053.590820 0.000000 2393.941650 0.000000 0.087139 0.000000 0.996196 1.000000 1.000000 1.000000
7053.586426 0.000000 2390.223389 0.000000 0.294129 0.000000 -0.955766 1.000000 1.000000 1.000000
7098.340332 0.000000 2402.454102 0.000000 0.654746 0.000000 -0.755849 1.109110 1.109110 1.109110
7099.829590 0.000000 2402.076904 0.000000 0.382959 0.000000 -0.923765 1.149962 1.149962 1.149962
7124.712891 0.000000 2408.359619 0.000000 0.392869 0.000000 0.919594 1.000000 1.000000 1.000000
7117.149902 0.000000 2413.906494 0.000000 0.174770 0.000000 0.984609 1.000000 1.000000 1.000000
7129.099121 0.000000 2414.427002 0.000000 0.554899 0.000000 -0.831918 1.000000 1.000000 1.000000
7166.760742 0.000000 2430.381104 0.000000 0.838329 0.000000 -0.545164 1.000000 1.000000 1.000000
7163.237793 0.000000 2427.571045 0.000000 0.784547 0.000000 -0.620069 1.000000 1.000000 1.000000
7099.868164 0.000000 2446.839600 0.000000 0.934336 0.000000 -0.356394 1.000000 1.000000 1.000000
7115.741699 0.000000 2454.455078 0.000000 0.571955 0.000000 -0.820285 1.000000 1.000000 1.000000
7112.293945 0.000000 2451.804199 0.000000 0.889906 0.000000 -0.456144 1.000000 1.000000 1.000000
7167.016602 0.000000 2433.175537 0.000000 0.939248 0.000000 -0.343239 1.000000 1.000000 1.000000
7131.583008 0.000000 2474.386719 0.000000 0.572312 0.000000 -0.820036 1.000000 1.000000 1.000000
7207.871094 0.000000 2460.999023 0.000000 0.196444 0.000000 -0.980515 1.000000 1.000000 1.000000
7207.390137 0.000000 2477.223877 0.000000 0.850851 0.000000 0.525408 1.000000 1.000000 1.000000
7189.193848 0.000000 2500.141602 0.000000 0.278332 0.000000 0.960485 1.000000 1.000000 1.000000
7211.488281 0.000000 2511.720703 0.000000 0.967928 0.000000 0.251228 1.000000 1.000000 1.000000
7270.732910 0.000000 2545.989014 0.000000 0.184082 0.000000 0.982911 1.000000 1.000000 1.000000
7265.551758 0.000000 2538.221436 0.000000 0.635673 0.000000 -0.771958 1.000000 1.000000 1.000000
7272.414062 0.000000 2544.960205 0.000000 0.190100 0.000000 -0.981765 1.175647 1.175647 1.175647
7246.183594 0.000000 2563.834961 0.000000 0.725260 0.000000 -0.688475 1.000000 1.000000 1.000000
7247.549805 0.000000 2562.233887 0.000000 0.987204 0.000000 0.159464 1.000000 1.000000 1.000000
7245.344727 0.000000 2562.000977 0.000000 0.643862 0.000000 0.765142 1.000000 1.000000 1.000000
7268.732422 0.000000 2583.251465 0.000000 0.487044 0.000000 -0.873377 1.000000 1.000000 1.000000
7289.669922 0.000000 2619.390381 0.000000 0.553592 0.000000 -0.832788 1.000000 1.000000 1.000000
7270.796875 0.000000 2599.534180 0.000000 0.647861 0.000000 -0.761758 1.000000 1.000000 1.000000
7276.483398 0.000000 2633.083252 0.000000 0.987644 0.000000 0.156714 1.000000 1.000000 1.000000
7279.686523 0.000000 2670.603760 0.000000 0.088605 0.000000 0.996067 1.000000 1.000000 1.000000
7267.965820 0.000000 2666.703613 0.000000 0.278891 0.000000 0.960323 1.000000 1.000000 1.000000
7278.746094 0.000000 2668.044434 0.000000 0.998392 0.000000 0.056680 0.992779 0.992779 0.992779
7270.492188 0.000000 2678.517578 0.000000 0.379941 0.000000 -0.925011 1.000000 1.000000 1.000000
7267.629395 0.000000 2669.454102 0.000000 0.382894 0.000000 -0.923792 1.000000 1.000000 1.000000
7279.696289 0.000000 2669.409180 0.000000 0.932377 0.000000 -0.361488 1.047092 1.047092 1.047092
7300.372559 0.000000 2755.959717 0.000000 0.898088 0.000000 0.439815 1.000000 1.000000 1.000000
7301.129883 0.000000 2752.794189 0.000000 0.902293 0.000000 0.431124 1.000000 1.000000 1.000000
7349.634766 0.000000 2795.972900 0.000000 0.084142 0.000000 0.996454 1.000000 1.000000 1.000000
7306.480469 0.000000 2825.312744 0.000000 0.708085 0.000000 -0.706127 1.000000 1.000000 1.000000
"}
