object={
	name="tree_olive_generator_1_0"
	clamp_to_water_level=no
	render_under_water=no
	generated_content=yes
	layer="tree_layer"
	pdxmesh="tree_olive_01_mesh"
	count=484
	transform="3868.322754 0.000000 2586.183594 0.000000 0.723796 0.000000 0.690014 0.568203 0.568203 0.568203
3868.365479 0.000000 2588.956299 0.000000 0.643064 0.000000 -0.765812 0.958247 0.958247 0.958247
3868.752441 0.000000 2591.208008 0.000000 0.636626 0.000000 0.771173 0.539753 0.539753 0.539753
3872.136475 0.000000 2587.778564 0.000000 0.756973 0.000000 0.653446 0.579992 0.579992 0.579992
3874.792969 0.000000 2590.279297 0.000000 0.357884 0.000000 -0.933766 1.037624 1.037624 1.037624
3867.529053 0.000000 2592.375977 0.000000 0.459434 0.000000 0.888212 0.488961 0.488961 0.488961
3869.641113 0.000000 2599.481201 0.000000 0.953418 0.000000 0.301652 0.676846 0.676846 0.676846
3869.141602 0.000000 2593.673584 0.000000 0.092776 0.000000 -0.995687 1.102819 1.102819 1.102819
3872.750488 0.000000 2599.931396 0.000000 0.772881 0.000000 0.634551 0.585889 0.585889 0.585889
3880.025879 0.000000 2600.900635 0.000000 0.607227 0.000000 -0.794528 0.969211 0.969211 0.969211
3876.372803 0.000000 2595.959717 0.000000 0.339985 0.000000 0.940431 0.457816 0.457816 0.457816
3881.388916 0.000000 2596.416260 0.000000 0.974314 0.000000 -0.225194 0.804226 0.804226 0.804226
3872.582275 0.000000 2592.014404 0.000000 0.893583 0.000000 -0.448898 0.861138 0.861138 0.861138
3872.254150 0.000000 2596.108398 0.000000 0.780720 0.000000 0.624881 0.588861 0.588861 0.588861
3875.864258 0.000000 2592.624512 0.000000 0.119406 0.000000 -0.992846 1.096426 1.096426 1.096426
3882.603516 0.000000 2599.180908 0.000000 0.997240 0.000000 -0.074240 0.767740 0.767740 0.767740
3874.424805 0.000000 2597.752441 0.000000 0.971124 0.000000 -0.238574 0.807510 0.807510 0.807510
3878.988281 0.000000 2597.618164 0.000000 0.895419 0.000000 0.445225 0.639843 0.639843 0.639843
3873.910156 0.000000 2594.213623 0.000000 0.238293 0.000000 0.971193 0.432441 0.432441 0.432441
3883.893311 0.000000 2600.931152 0.000000 0.720041 0.000000 0.693931 0.566908 0.566908 0.566908
3880.813477 0.000000 2598.346436 0.000000 0.900587 0.000000 0.434675 0.642647 0.642647 0.642647
3874.504883 0.000000 2595.935059 0.000000 0.789253 0.000000 0.614068 0.592149 0.592149 0.592149
3876.476562 0.000000 2594.257568 0.000000 0.949120 0.000000 0.314913 0.673518 0.673518 0.673518
3881.037109 0.000000 2599.806396 0.000000 0.475577 0.000000 -0.879674 1.006679 1.006679 1.006679
3875.237549 0.000000 2594.812256 0.000000 0.427022 0.000000 -0.904241 1.019672 1.019672 1.019672
3877.509033 0.000000 2595.075684 0.000000 0.354383 0.000000 0.935100 0.461482 0.461482 0.461482
3867.529053 0.000000 2624.375977 0.000000 0.781410 0.000000 -0.624018 0.910875 0.910875 0.910875
3866.559082 0.000000 2625.936768 0.000000 0.501798 0.000000 0.864985 0.500496 0.500496 0.500496
3872.750488 0.000000 2631.931396 0.000000 0.588287 0.000000 -0.808653 0.974852 0.974852 0.974852
3890.605225 0.000000 2646.964844 0.000000 0.671269 0.000000 0.741213 0.550688 0.550688 0.550688
3888.959717 0.000000 2634.489014 0.000000 0.163643 0.000000 0.986520 0.414243 0.414243 0.414243
3893.194092 0.000000 2628.141602 0.000000 0.960008 0.000000 0.279972 0.682256 0.682256 0.682256
3901.641113 0.000000 2631.481201 0.000000 0.820647 0.000000 -0.571436 0.895210 0.895210 0.895210
3884.226807 0.000000 2635.086914 0.000000 0.967043 0.000000 -0.254614 0.811461 0.811461 0.811461
3879.399170 0.000000 2637.211670 0.000000 0.280553 0.000000 -0.959838 1.057112 1.057112 1.057112
3887.626953 0.000000 2638.601074 0.000000 0.133119 0.000000 0.991100 0.406874 0.406874 0.406874
3876.222900 0.000000 2634.437012 0.000000 0.302583 0.000000 0.953123 0.448387 0.448387 0.448387
3902.169434 0.000000 2627.512451 0.000000 0.989231 0.000000 0.146364 0.714932 0.714932 0.714932
3889.279785 0.000000 2630.307373 0.000000 0.367354 0.000000 0.930081 0.464802 0.464802 0.464802
3882.452637 0.000000 2643.263672 0.000000 0.085426 0.000000 0.996345 0.395419 0.395419 0.395419
3886.090576 0.000000 2641.265625 0.000000 0.174790 0.000000 -0.984606 1.083056 1.083056 1.083056
3895.672852 0.000000 2632.133545 0.000000 0.993472 0.000000 -0.114079 0.777294 0.777294 0.777294
3880.730713 0.000000 2640.014893 0.000000 0.365564 0.000000 0.930786 0.464343 0.464343 0.464343
3885.002686 0.000000 2637.574463 0.000000 0.986387 0.000000 0.164442 0.710563 0.710563 0.710563
3886.793945 0.000000 2635.786133 0.000000 0.886989 0.000000 0.461790 0.635406 0.635406 0.635406
3888.394531 0.000000 2645.639893 0.000000 0.807541 0.000000 -0.589812 0.900599 0.900599 0.900599
3878.121094 0.000000 2639.535889 0.000000 0.994225 0.000000 -0.107320 0.775670 0.775670 0.775670
3887.752686 0.000000 2632.400391 0.000000 0.806804 0.000000 -0.590820 0.900897 0.900897 0.900897
3888.790039 0.000000 2649.376221 0.000000 0.872553 0.000000 -0.488519 0.871847 0.871847 0.871847
3894.208740 0.000000 2630.301270 0.000000 0.575009 0.000000 -0.818147 0.978749 0.978749 0.978749
3878.634766 0.000000 2634.760742 0.000000 0.396661 0.000000 0.917965 0.472373 0.472373 0.472373
3903.286865 0.000000 2629.688477 0.000000 0.277908 0.000000 -0.960608 1.057769 1.057769 1.057769
3874.969482 0.000000 2632.090576 0.000000 0.540071 0.000000 -0.841619 0.988798 0.988798 0.988798
3884.557617 0.000000 2642.748535 0.000000 0.021634 0.000000 0.999766 0.380165 0.380165 0.380165
3887.149414 0.000000 2630.040283 0.000000 0.940134 0.000000 0.340806 0.666975 0.666975 0.666975
3877.728271 0.000000 2633.091797 0.000000 0.999213 0.000000 0.039655 0.740531 0.740531 0.740531
3888.729980 0.000000 2647.479980 0.000000 0.427090 0.000000 -0.904209 1.019654 1.019654 1.019654
3886.849609 0.000000 2631.380127 0.000000 0.284487 0.000000 -0.958680 1.056133 1.056133 1.056133
3903.730469 0.000000 2673.468262 0.000000 0.948259 0.000000 -0.317498 0.827132 0.827132 0.827132
3900.629150 0.000000 2672.770752 0.000000 0.928230 0.000000 -0.372007 0.840998 0.840998 0.840998
3898.233643 0.000000 2671.915039 0.000000 0.521784 0.000000 -0.853078 0.993950 0.993950 0.993950
3904.750488 0.000000 2631.931396 0.000000 0.904747 0.000000 -0.425950 0.855045 0.855045 0.855045
3904.254150 0.000000 2628.108398 0.000000 0.660564 0.000000 -0.750770 0.952738 0.952738 0.952738
3926.093262 0.000000 2641.928223 0.000000 0.996916 0.000000 -0.078477 0.768754 0.768754 0.768754
3925.256836 0.000000 2638.834229 0.000000 0.744336 0.000000 0.667805 0.575425 0.575425 0.575425
3928.093506 0.000000 2641.496338 0.000000 0.999255 0.000000 -0.038595 0.759216 0.759216 0.759216
3936.987305 0.000000 2645.511475 0.000000 0.523201 0.000000 0.852209 0.506447 0.506447 0.506447
3939.295410 0.000000 2638.797363 0.000000 0.999359 0.000000 0.035808 0.741450 0.741450 0.741450
3936.052246 0.000000 2647.092041 0.000000 0.921160 0.000000 -0.389184 0.845432 0.845432 0.845432
3936.003174 0.000000 2644.185547 0.000000 0.413782 0.000000 0.910376 0.476844 0.476844 0.476844
3922.605225 0.000000 2678.964844 0.000000 0.990778 0.000000 0.135496 0.717553 0.717553 0.717553
3912.025879 0.000000 2664.900635 0.000000 0.821957 0.000000 -0.569550 0.894662 0.894662 0.894662
3920.959717 0.000000 2666.489014 0.000000 0.665045 0.000000 0.746804 0.548691 0.548691 0.548691
3912.678711 0.000000 2678.482178 0.000000 0.990676 0.000000 0.136240 0.717374 0.717374 0.717374
3923.565186 0.000000 2672.439941 0.000000 0.922613 0.000000 -0.385727 0.844537 0.844537 0.844537
3911.399170 0.000000 2669.211670 0.000000 0.949568 0.000000 0.313561 0.673858 0.673858 0.673858
3922.934326 0.000000 2682.628906 0.000000 0.964197 0.000000 -0.265186 0.814075 0.814075 0.814075
3909.583008 0.000000 2676.467041 0.000000 0.036973 0.000000 0.999316 0.383829 0.383829 0.383829
3922.204346 0.000000 2670.129150 0.000000 0.957656 0.000000 0.287915 0.680278 0.680278 0.680278
3910.121094 0.000000 2671.535889 0.000000 0.156227 0.000000 0.987721 0.412450 0.412450 0.412450
3912.098877 0.000000 2676.056641 0.000000 0.988717 0.000000 0.149793 0.714104 0.714104 0.714104
3922.343750 0.000000 2664.453613 0.000000 0.610546 0.000000 -0.791980 0.968212 0.968212 0.968212
3906.969482 0.000000 2664.090576 0.000000 0.888053 0.000000 -0.459741 0.864043 0.864043 0.864043
3922.597900 0.000000 2676.992676 0.000000 0.904054 0.000000 -0.427418 0.855432 0.855432 0.855432
3923.826172 0.000000 2670.075928 0.000000 0.918912 0.000000 -0.394463 0.846802 0.846802 0.846802
3946.484375 0.000000 2685.530273 0.000000 0.684127 0.000000 0.729363 0.554862 0.554862 0.554862
3936.750488 0.000000 2663.931396 0.000000 0.898390 0.000000 0.439199 0.641447 0.641447 0.641447
3944.678711 0.000000 2678.482178 0.000000 0.159551 0.000000 -0.987190 1.086746 1.086746 1.086746
3938.681885 0.000000 2683.806152 0.000000 0.725058 0.000000 -0.688688 0.931360 0.931360 0.931360
3950.161133 0.000000 2676.472412 0.000000 0.505489 0.000000 -0.862833 0.998484 0.998484 0.998484
3948.226807 0.000000 2667.086914 0.000000 0.103565 0.000000 -0.994623 1.100231 1.100231 1.100231
3942.732666 0.000000 2673.989014 0.000000 0.972439 0.000000 0.233158 0.693820 0.693820 0.693820
3945.388916 0.000000 2660.416260 0.000000 0.073773 0.000000 0.997275 0.392628 0.392628 0.392628
3943.005127 0.000000 2682.616211 0.000000 0.030845 0.000000 0.999524 0.382365 0.382365 0.382365
3943.399170 0.000000 2669.211670 0.000000 0.237044 0.000000 0.971499 0.432134 0.432134 0.432134
3947.641357 0.000000 2681.407471 0.000000 0.999990 0.000000 0.004461 0.748935 0.748935 0.748935
3949.705078 0.000000 2687.897949 0.000000 0.950621 0.000000 0.310353 0.674665 0.674665 0.674665
3936.374512 0.000000 2667.903809 0.000000 0.848857 0.000000 0.528622 0.617032 0.617032 0.617032
3936.254150 0.000000 2660.108398 0.000000 0.741043 0.000000 -0.671457 0.925749 0.925749 0.925749
3936.194824 0.000000 2673.812500 0.000000 0.413858 0.000000 0.910342 0.476864 0.476864 0.476864
3954.934326 0.000000 2682.628906 0.000000 0.865815 0.000000 0.500364 0.624900 0.624900 0.624900
3939.427246 0.000000 2674.665771 0.000000 0.552326 0.000000 0.833628 0.514695 0.514695 0.514695
3950.855713 0.000000 2679.860352 0.000000 0.323571 0.000000 0.946204 0.453663 0.453663 0.453663
3947.811035 0.000000 2678.370850 0.000000 0.581923 0.000000 0.813244 0.523275 0.523275 0.523275
3946.603516 0.000000 2663.180908 0.000000 0.213782 0.000000 0.976881 0.426434 0.426434 0.426434
3938.424805 0.000000 2661.752441 0.000000 0.845386 0.000000 0.534156 0.615472 0.615472 0.615472
3945.594971 0.000000 2682.996582 0.000000 0.522277 0.000000 0.852776 0.506188 0.506188 0.506188
3943.940430 0.000000 2685.032715 0.000000 0.269184 0.000000 -0.963089 1.059935 1.059935 1.059935
3942.121094 0.000000 2671.535889 0.000000 0.205043 0.000000 0.978753 0.424300 0.424300 0.424300
3941.046875 0.000000 2668.696533 0.000000 0.691047 0.000000 0.722809 0.557138 0.557138 0.557138
3944.606934 0.000000 2680.800537 0.000000 0.635965 0.000000 0.771718 0.539548 0.539548 0.539548
3947.893311 0.000000 2664.931152 0.000000 0.985092 0.000000 0.172029 0.708726 0.708726 0.708726
3949.948730 0.000000 2665.685547 0.000000 0.946930 0.000000 0.321440 0.671875 0.671875 0.671875
3944.813477 0.000000 2662.346436 0.000000 0.780603 0.000000 0.625027 0.588816 0.588816 0.588816
3946.366943 0.000000 2679.943359 0.000000 0.492412 0.000000 0.870362 0.497914 0.497914 0.497914
3978.484375 0.000000 2685.530273 0.000000 0.712354 0.000000 -0.701820 0.935722 0.935722 0.935722
3984.959717 0.000000 2666.489014 0.000000 0.862964 0.000000 -0.505266 0.876454 0.876454 0.876454
3976.678711 0.000000 2678.482178 0.000000 0.655353 0.000000 -0.755323 0.954390 0.954390 0.954390
3979.641357 0.000000 2681.407471 0.000000 0.800991 0.000000 -0.598676 0.903230 0.903230 0.903230
3990.640381 0.000000 2685.116699 0.000000 0.681997 0.000000 0.731355 0.554166 0.554166 0.554166
3988.506104 0.000000 2684.297363 0.000000 0.630757 0.000000 -0.775980 0.962058 0.962058 0.962058
3984.724365 0.000000 2668.526123 0.000000 0.225875 0.000000 -0.974156 1.070607 1.070607 1.070607
3979.431396 0.000000 2683.744873 0.000000 0.886497 0.000000 0.462734 0.635151 0.635151 0.635151
3934.498779 0.000000 2698.052246 0.000000 0.944274 0.000000 0.329159 0.669926 0.669926 0.669926
3934.534180 0.000000 2703.646729 0.000000 0.903980 0.000000 -0.427576 0.855474 0.855474 0.855474
3935.150879 0.000000 2700.339600 0.000000 0.440419 0.000000 0.897792 0.483878 0.483878 0.483878
3947.488281 0.000000 2703.720703 0.000000 0.787716 0.000000 0.616039 0.591552 0.591552 0.591552
3950.183594 0.000000 2691.834961 0.000000 0.335302 0.000000 0.942111 0.456629 0.456629 0.456629
3944.025879 0.000000 2696.900635 0.000000 0.996698 0.000000 0.081203 0.730593 0.730593 0.730593
3943.825195 0.000000 2688.071533 0.000000 0.588881 0.000000 0.808220 0.525323 0.525323 0.525323
3939.295410 0.000000 2702.797363 0.000000 0.780691 0.000000 -0.624918 0.911151 0.911151 0.911151
3948.226807 0.000000 2699.086914 0.000000 0.415935 0.000000 -0.909394 1.022591 1.022591 1.022591
3945.388916 0.000000 2692.416260 0.000000 0.563376 0.000000 -0.826200 0.982127 0.982127 0.982127
3943.005127 0.000000 2714.616211 0.000000 0.236965 0.000000 0.971518 0.432115 0.432115 0.432115
3951.626953 0.000000 2702.601074 0.000000 0.987505 0.000000 -0.157590 0.787779 0.787779 0.787779
3947.641357 0.000000 2713.407471 0.000000 0.902294 0.000000 0.431121 0.643589 0.643589 0.643589
3936.194824 0.000000 2705.812500 0.000000 0.923039 0.000000 0.384707 0.655727 0.655727 0.655727
3947.314209 0.000000 2689.086914 0.000000 0.455418 0.000000 -0.890278 1.012117 1.012117 1.012117
3950.090576 0.000000 2705.265625 0.000000 0.300249 0.000000 -0.953861 1.052198 1.052198 1.052198
3947.811035 0.000000 2710.370850 0.000000 0.910578 0.000000 0.413337 0.648272 0.648272 0.648272
3946.603516 0.000000 2695.180908 0.000000 0.077572 0.000000 -0.996987 1.106462 1.106462 1.106462
3942.954346 0.000000 2690.892090 0.000000 0.980415 0.000000 -0.196945 0.797327 0.797327 0.797327
3936.165039 0.000000 2702.609863 0.000000 0.243811 0.000000 -0.969823 1.066202 1.066202 1.066202
3947.909180 0.000000 2692.884033 0.000000 0.678897 0.000000 0.734234 0.553156 0.553156 0.553156
3938.279297 0.000000 2704.670898 0.000000 0.010452 0.000000 -0.999945 1.122505 1.122505 1.122505
3947.893311 0.000000 2696.931152 0.000000 0.384246 0.000000 0.923231 0.469154 0.469154 0.469154
3949.948730 0.000000 2697.685547 0.000000 0.799255 0.000000 0.600991 0.596079 0.596079 0.596079
3938.549805 0.000000 2710.988525 0.000000 0.959101 0.000000 -0.283065 0.818513 0.818513 0.818513
3944.813477 0.000000 2694.346436 0.000000 0.079487 0.000000 -0.996836 1.106004 1.106004 1.106004
3949.843994 0.000000 2703.225098 0.000000 0.187264 0.000000 0.982310 0.419971 0.419971 0.419971
3945.716309 0.000000 2688.087891 0.000000 0.381545 0.000000 -0.924350 1.031544 1.031544 1.031544
3943.032959 0.000000 2709.660156 0.000000 0.095564 0.000000 -0.995423 1.102151 1.102151 1.102151
3946.084473 0.000000 2696.867676 0.000000 0.517694 0.000000 -0.855566 0.995093 0.995093 0.995093
3942.099365 0.000000 2713.180908 0.000000 1.000000 0.000000 -0.000300 0.750072 0.750072 0.750072
3947.374756 0.000000 2702.214111 0.000000 0.739256 0.000000 -0.673425 0.926383 0.926383 0.926383
3946.163818 0.000000 2703.124512 0.000000 0.846555 0.000000 -0.532301 0.884004 0.884004 0.884004
3945.037109 0.000000 2695.806396 0.000000 0.986337 0.000000 0.164739 0.710491 0.710491 0.710491
3963.529053 0.000000 2720.375977 0.000000 0.804224 0.000000 0.594326 0.598064 0.598064 0.598064
3950.161133 0.000000 2740.472412 0.000000 0.959899 0.000000 -0.280348 0.817837 0.817837 0.817837
3948.226807 0.000000 2731.086914 0.000000 0.007111 0.000000 0.999975 0.376698 0.376698 0.376698
3958.365723 0.000000 2740.740479 0.000000 0.864759 0.000000 -0.502187 0.875603 0.875603 0.875603
3954.934326 0.000000 2746.628906 0.000000 0.982219 0.000000 0.187740 0.704913 0.704913 0.704913
3949.525879 0.000000 2727.489746 0.000000 0.528260 0.000000 -0.849083 0.992134 0.992134 0.992134
3950.855713 0.000000 2743.860352 0.000000 0.683883 0.000000 -0.729592 0.945217 0.945217 0.945217
3946.603516 0.000000 2727.180908 0.000000 0.537979 0.000000 0.842958 0.510609 0.510609 0.510609
3966.978760 0.000000 2720.691162 0.000000 0.495911 0.000000 -0.868373 1.001126 1.001126 1.001126
3963.257080 0.000000 2723.640137 0.000000 0.116341 0.000000 -0.993209 1.097162 1.097162 1.097162
3949.002686 0.000000 2733.574463 0.000000 0.598125 0.000000 -0.801403 0.971934 0.971934 0.971934
3949.453857 0.000000 2725.667725 0.000000 0.091893 0.000000 0.995769 0.396969 0.396969 0.396969
3948.082031 0.000000 2726.512451 0.000000 0.248282 0.000000 -0.968688 1.065101 1.065101 1.065101
3982.183594 0.000000 2691.834961 0.000000 0.452602 0.000000 -0.891713 1.012872 1.012872 1.012872
3984.959717 0.000000 2698.489014 0.000000 0.988535 0.000000 0.150992 0.713815 0.713815 0.713815
3982.161133 0.000000 2708.472412 0.000000 0.382307 0.000000 0.924035 0.468653 0.468653 0.468653
3980.226807 0.000000 2699.086914 0.000000 0.999822 0.000000 -0.018871 0.754505 0.754505 0.754505
3993.744629 0.000000 2718.195068 0.000000 0.997845 0.000000 0.065619 0.734323 0.734323 0.734323
3983.626953 0.000000 2702.601074 0.000000 0.834865 0.000000 -0.550454 0.889159 0.889159 0.889159
3999.730469 0.000000 2705.468262 0.000000 0.794280 0.000000 -0.607552 0.905886 0.905886 0.905886
3979.641357 0.000000 2713.407471 0.000000 0.119304 0.000000 -0.992858 1.096450 1.096450 1.096450
3978.452637 0.000000 2707.263672 0.000000 0.916005 0.000000 -0.401167 0.848547 0.848547 0.848547
3982.855713 0.000000 2711.860352 0.000000 0.318289 0.000000 -0.947994 1.047669 1.047669 1.047669
3996.629150 0.000000 2704.770752 0.000000 0.692213 0.000000 -0.721693 0.942477 0.942477 0.942477
3981.002686 0.000000 2701.574463 0.000000 0.823942 0.000000 0.566675 0.606172 0.606172 0.606172
3982.793945 0.000000 2699.786133 0.000000 0.305391 0.000000 -0.952227 1.050910 1.050910 1.050910
3970.792969 0.000000 2718.279297 0.000000 0.974214 0.000000 0.225627 0.695668 0.695668 0.695668
3991.553223 0.000000 2692.525635 0.000000 0.197875 0.000000 -0.980227 1.077447 1.077447 1.077447
3998.534180 0.000000 2703.646729 0.000000 0.955488 0.000000 0.295029 0.678503 0.678503 0.678503
3981.744873 0.000000 2713.721191 0.000000 0.955287 0.000000 0.295682 0.678340 0.678340 0.678340
3990.643799 0.000000 2690.654785 0.000000 0.593822 0.000000 0.804597 0.526786 0.526786 0.526786
3981.063965 0.000000 2690.168945 0.000000 0.950965 0.000000 0.309298 0.674930 0.674930 0.674930
3981.092285 0.000000 2688.144287 0.000000 0.953208 0.000000 -0.302316 0.823320 0.823320 0.823320
3978.085938 0.000000 2709.116455 0.000000 0.226610 0.000000 -0.973986 1.070427 1.070427 1.070427
4028.322754 0.000000 2714.183594 0.000000 0.826009 0.000000 -0.563657 0.892955 0.892955 0.892955
4000.987305 0.000000 2709.511475 0.000000 0.106954 0.000000 -0.994264 1.099418 1.099418 1.099418
4025.993164 0.000000 2706.484131 0.000000 0.763460 0.000000 -0.645856 0.917624 0.917624 0.917624
4022.365723 0.000000 2708.740479 0.000000 0.442472 0.000000 -0.896782 1.015576 1.015576 1.015576
4003.427246 0.000000 2706.665771 0.000000 0.607056 0.000000 -0.794659 0.969263 0.969263 0.969263
4020.021729 0.000000 2707.723633 0.000000 0.692681 0.000000 0.721244 0.557678 0.557678 0.557678
4028.129639 0.000000 2711.536133 0.000000 0.853409 0.000000 0.521241 0.619102 0.619102 0.619102
4023.404053 0.000000 2707.236084 0.000000 0.902532 0.000000 0.430623 0.643720 0.643720 0.643720
3995.529053 0.000000 2720.375977 0.000000 0.033631 0.000000 0.999434 0.383030 0.383030 0.383030
3997.641113 0.000000 2727.481201 0.000000 0.314593 0.000000 -0.949227 1.048599 1.048599 1.048599
3972.372803 0.000000 2723.959717 0.000000 0.776821 0.000000 0.629721 0.587377 0.587377 0.587377
3968.582275 0.000000 2720.014404 0.000000 0.865419 0.000000 -0.501049 0.875289 0.875289 0.875289
3998.169434 0.000000 2723.512451 0.000000 0.389314 0.000000 -0.921105 1.029534 1.029534 1.029534
3968.374512 0.000000 2731.903809 0.000000 0.074032 0.000000 0.997256 0.392690 0.392690 0.392690
3968.254150 0.000000 2724.108398 0.000000 0.604314 0.000000 -0.796746 0.970085 0.970085 0.970085
3971.864258 0.000000 2720.624512 0.000000 0.941572 0.000000 -0.336811 0.832011 0.832011 0.832011
3992.785645 0.000000 2722.484375 0.000000 0.881819 0.000000 -0.471587 0.867239 0.867239 0.867239
3998.978760 0.000000 2720.691162 0.000000 0.641717 0.000000 -0.766941 0.958667 0.958667 0.958667
3995.257080 0.000000 2723.640137 0.000000 0.501934 0.000000 0.864906 0.500533 0.500533 0.500533
3970.424805 0.000000 2725.752441 0.000000 0.326059 0.000000 0.945349 0.454291 0.454291 0.454291
3969.910156 0.000000 2722.213623 0.000000 0.662201 0.000000 0.749327 0.547783 0.547783 0.547783
3969.856201 0.000000 2730.018311 0.000000 0.617420 0.000000 0.786634 0.533867 0.533867 0.533867
3996.065918 0.000000 2725.843994 0.000000 0.856644 0.000000 -0.515908 0.879409 0.879409 0.879409
3993.199219 0.000000 2720.287109 0.000000 0.639629 0.000000 -0.768684 0.959316 0.959316 0.959316
3997.141602 0.000000 2721.673584 0.000000 0.962885 0.000000 -0.269910 0.815246 0.815246 0.815246
3968.153076 0.000000 2721.772949 0.000000 0.099237 0.000000 -0.995064 1.101270 1.101270 1.101270
4000.750488 0.000000 2727.931396 0.000000 0.582598 0.000000 -0.812760 0.976527 0.976527 0.976527
4000.254150 0.000000 2724.108398 0.000000 0.357480 0.000000 -0.933921 1.037727 1.037727 1.037727
4011.314209 0.000000 2721.086914 0.000000 0.656797 0.000000 0.754068 0.546067 0.546067 0.546067
4013.063965 0.000000 2722.168945 0.000000 0.999577 0.000000 -0.029073 0.756942 0.756942 0.756942
4013.092285 0.000000 2720.144287 0.000000 0.061228 0.000000 -0.998124 1.110374 1.110374 1.110374
4032.987305 0.000000 2709.511475 0.000000 0.919176 0.000000 -0.393846 0.846642 0.846642 0.846642
4034.681885 0.000000 2715.806152 0.000000 0.988097 0.000000 0.153830 0.713129 0.713129 0.713129
4037.585693 0.000000 2718.219971 0.000000 0.691580 0.000000 0.722300 0.557314 0.557314 0.557314
4032.324463 0.000000 2718.699219 0.000000 0.937919 0.000000 0.346854 0.665438 0.665438 0.665438
4033.410156 0.000000 2712.737793 0.000000 0.897511 0.000000 -0.440991 0.859030 0.859030 0.859030
4032.136475 0.000000 2715.778564 0.000000 0.821286 0.000000 0.570517 0.605057 0.605057 0.605057
4033.333008 0.000000 2717.170166 0.000000 0.601539 0.000000 -0.798844 0.970916 0.970916 0.970916
4039.825195 0.000000 2720.071533 0.000000 0.886220 0.000000 -0.463265 0.864991 0.864991 0.864991
4052.550293 0.000000 2732.627441 0.000000 0.526585 0.000000 0.850122 0.507396 0.507396 0.507396
4043.314209 0.000000 2721.086914 0.000000 0.600208 0.000000 -0.799844 0.971313 0.971313 0.971313
4038.954346 0.000000 2722.892090 0.000000 0.528345 0.000000 0.849030 0.507890 0.507890 0.507890
4051.775635 0.000000 2726.120361 0.000000 0.276281 0.000000 0.961077 0.441827 0.441827 0.441827
4053.661865 0.000000 2730.533447 0.000000 0.167481 0.000000 -0.985875 1.084827 1.084827 1.084827
4050.343750 0.000000 2728.453613 0.000000 0.965549 0.000000 -0.260221 0.812846 0.812846 0.812846
4045.063965 0.000000 2722.168945 0.000000 0.977541 0.000000 -0.210747 0.800692 0.800692 0.800692
4043.022461 0.000000 2723.128906 0.000000 0.402608 0.000000 0.915373 0.473922 0.473922 0.473922
4079.261719 0.000000 2747.264648 0.000000 0.186940 0.000000 0.982371 0.419893 0.419893 0.419893
4089.744629 0.000000 2750.195068 0.000000 0.157044 0.000000 -0.987592 1.087353 1.087353 1.087353
4082.934326 0.000000 2746.628906 0.000000 0.866935 0.000000 -0.498422 0.874565 0.874565 0.874565
4086.640381 0.000000 2749.116699 0.000000 0.970095 0.000000 0.242724 0.691469 0.691469 0.691469
4080.790039 0.000000 2745.376221 0.000000 0.986920 0.000000 0.161214 0.711344 0.711344 0.711344
4084.506104 0.000000 2748.297363 0.000000 0.527204 0.000000 -0.849739 0.992430 0.992430 0.992430
4106.484375 0.000000 2749.530273 0.000000 0.097495 0.000000 0.995236 0.398312 0.398312 0.398312
4102.732910 0.000000 2737.989014 0.000000 0.935300 0.000000 -0.353856 0.836347 0.836347 0.836347
4109.705078 0.000000 2751.897949 0.000000 0.988967 0.000000 -0.148137 0.785496 0.785496 0.785496
4109.086914 0.000000 2748.827637 0.000000 0.163130 0.000000 -0.986605 1.085881 1.085881 1.085881
4104.099121 0.000000 2740.056641 0.000000 0.889737 0.000000 -0.456473 0.863166 0.863166 0.863166
4100.449707 0.000000 2736.799072 0.000000 0.903092 0.000000 -0.429446 0.855969 0.855969 0.855969
4104.741699 0.000000 2738.063965 0.000000 0.081849 0.000000 -0.996645 1.105438 1.105438 1.105438
4108.931152 0.000000 2743.958496 0.000000 0.990023 0.000000 -0.140904 0.783751 0.783751 0.783751
4109.687500 0.000000 2742.235596 0.000000 0.662718 0.000000 -0.748869 0.952052 0.952052 0.952052
4103.284668 0.000000 2736.537354 0.000000 0.811954 0.000000 -0.583721 0.898803 0.898803 0.898803
4102.693848 0.000000 2739.529297 0.000000 0.999024 0.000000 0.044165 0.739453 0.739453 0.739453
4170.484375 0.000000 2749.530273 0.000000 0.245705 0.000000 0.969345 0.434264 0.434264 0.434264
4110.183594 0.000000 2755.834961 0.000000 0.999620 0.000000 -0.027557 0.756579 0.756579 0.756579
4125.500488 0.000000 2765.729248 0.000000 0.767891 0.000000 -0.640580 0.915980 0.915980 0.915980
4113.862793 0.000000 2752.124512 0.000000 0.008773 0.000000 -0.999961 1.122905 1.122905 1.122905
4127.730469 0.000000 2769.468262 0.000000 0.749279 0.000000 -0.662254 0.922800 0.922800 0.922800
4124.628906 0.000000 2768.770752 0.000000 0.234385 0.000000 0.972144 0.431481 0.431481 0.431481
4113.032715 0.000000 2754.937988 0.000000 0.308234 0.000000 0.951310 0.449804 0.449804 0.449804
4126.534180 0.000000 2767.646729 0.000000 0.181673 0.000000 -0.983359 1.081387 1.081387 1.081387
4136.025879 0.000000 2760.900635 0.000000 0.079283 0.000000 0.996852 0.393947 0.393947 0.393947
4149.193848 0.000000 2756.141602 0.000000 0.436068 0.000000 -0.899914 1.017278 1.017278 1.017278
4131.295410 0.000000 2766.797363 0.000000 0.178671 0.000000 0.983909 0.417885 0.417885 0.417885
4157.641113 0.000000 2759.481201 0.000000 0.027792 0.000000 -0.999614 1.118364 1.118364 1.118364
4157.500488 0.000000 2765.729248 0.000000 0.693418 0.000000 -0.720535 0.942078 0.942078 0.942078
4132.372559 0.000000 2755.959717 0.000000 0.662466 0.000000 0.749092 0.547868 0.547868 0.547868
4140.227051 0.000000 2763.086914 0.000000 0.153762 0.000000 0.988108 0.411854 0.411854 0.411854
4134.732910 0.000000 2769.989014 0.000000 0.946574 0.000000 -0.322486 0.828389 0.828389 0.828389
4137.388672 0.000000 2756.416260 0.000000 0.651006 0.000000 -0.759072 0.955760 0.955760 0.955760
4153.374023 0.000000 2757.824219 0.000000 0.891265 0.000000 -0.453482 0.862364 0.862364 0.862364
4158.046875 0.000000 2773.620605 0.000000 0.860374 0.000000 -0.509664 0.877673 0.877673 0.877673
4128.374512 0.000000 2763.903809 0.000000 0.922809 0.000000 -0.385257 0.844416 0.844416 0.844416
4128.194824 0.000000 2769.812500 0.000000 0.238814 0.000000 0.971065 0.432569 0.432569 0.432569
4155.725098 0.000000 2762.650391 0.000000 0.231827 0.000000 -0.972757 1.069147 1.069147 1.069147
4131.864258 0.000000 2752.624512 0.000000 0.996678 0.000000 0.081442 0.730536 0.730536 0.730536
4138.603516 0.000000 2759.180908 0.000000 0.987120 0.000000 0.159980 0.711643 0.711643 0.711643
4136.730469 0.000000 2768.014893 0.000000 0.763325 0.000000 0.646015 0.582326 0.582326 0.582326
4154.952148 0.000000 2760.046631 0.000000 0.315710 0.000000 -0.948856 1.048318 1.048318 1.048318
4128.165039 0.000000 2766.609863 0.000000 0.584115 0.000000 0.811671 0.523919 0.523919 0.523919
4158.498535 0.000000 2762.052246 0.000000 0.543280 0.000000 0.839551 0.512113 0.512113 0.512113
4141.002930 0.000000 2765.574463 0.000000 0.999368 0.000000 0.035533 0.741515 0.741515 0.741515
4134.988281 0.000000 2757.618164 0.000000 0.600178 0.000000 -0.799867 0.971322 0.971322 0.971322
4156.129883 0.000000 2775.536133 0.000000 0.390394 0.000000 -0.920648 1.029254 1.029254 1.029254
4150.208496 0.000000 2758.301270 0.000000 0.764794 0.000000 -0.644274 0.917130 0.917130 0.917130
4130.279297 0.000000 2768.670898 0.000000 0.819413 0.000000 0.573203 0.604275 0.604275 0.604275
4132.449707 0.000000 2768.799072 0.000000 0.874445 0.000000 0.485124 0.629081 0.629081 0.629081
4136.813477 0.000000 2758.346436 0.000000 0.093579 0.000000 -0.995612 1.102627 1.102627 1.102627
4136.741699 0.000000 2770.063965 0.000000 0.149847 0.000000 -0.988709 1.089092 1.089092 1.089092
4159.358887 0.000000 2760.318359 0.000000 0.744493 0.000000 0.667630 0.575482 0.575482 0.575482
4130.504883 0.000000 2755.935059 0.000000 0.996638 0.000000 -0.081929 0.769581 0.769581 0.769581
4156.564941 0.000000 2760.947754 0.000000 0.807644 0.000000 0.589670 0.599443 0.599443 0.599443
4157.358887 0.000000 2763.405762 0.000000 0.995538 0.000000 -0.094363 0.772561 0.772561 0.772561
4132.476562 0.000000 2754.257568 0.000000 0.915415 0.000000 -0.402510 0.848897 0.848897 0.848897
4153.298340 0.000000 2759.607666 0.000000 0.759692 0.000000 0.650283 0.580988 0.580988 0.580988
4135.284668 0.000000 2768.537354 0.000000 0.980016 0.000000 -0.198917 0.797807 0.797807 0.797807
4157.952637 0.000000 2760.796631 0.000000 0.445075 0.000000 0.895493 0.485117 0.485117 0.485117
4157.158691 0.000000 2762.118164 0.000000 0.320167 0.000000 -0.947361 1.047196 1.047196 1.047196
4160.750488 0.000000 2759.931396 0.000000 0.651919 0.000000 0.758289 0.544527 0.544527 0.544527
4171.488281 0.000000 2767.720703 0.000000 0.653210 0.000000 0.757176 0.544934 0.544934 0.544934
4160.987305 0.000000 2773.511475 0.000000 0.168563 0.000000 -0.985691 1.084566 1.084566 1.084566
4168.025879 0.000000 2760.900635 0.000000 0.212501 0.000000 0.977161 0.426121 0.426121 0.426121
4167.825195 0.000000 2752.071533 0.000000 0.417976 0.000000 -0.908458 1.022055 1.022055 1.022055
4168.678711 0.000000 2774.482178 0.000000 0.550779 0.000000 -0.834651 0.985748 0.985748 0.985748
4163.295410 0.000000 2766.797363 0.000000 0.982525 0.000000 -0.186129 0.794696 0.794696 0.794696
4182.988770 0.000000 2777.962891 0.000000 0.998264 0.000000 -0.058901 0.764070 0.764070 0.764070
4166.732910 0.000000 2769.989014 0.000000 0.688646 0.000000 0.725098 0.556346 0.556346 0.556346
4169.388672 0.000000 2756.416260 0.000000 0.366313 0.000000 -0.930492 1.035465 1.035465 1.035465
4190.046875 0.000000 2773.620605 0.000000 0.217306 0.000000 -0.976104 1.072705 1.072705 1.072705
4182.365723 0.000000 2772.740479 0.000000 0.517168 0.000000 -0.855884 0.995240 0.995240 0.995240
4171.641113 0.000000 2777.407471 0.000000 0.492318 0.000000 0.870416 0.497888 0.497888 0.497888
4164.715332 0.000000 2775.164795 0.000000 0.729194 0.000000 -0.684307 0.929922 0.929922 0.929922
4180.550293 0.000000 2764.627441 0.000000 0.393655 0.000000 0.919258 0.471592 0.471592 0.471592
4185.660645 0.000000 2775.058350 0.000000 0.755848 0.000000 -0.654747 0.920419 0.920419 0.920419
4160.194824 0.000000 2769.812500 0.000000 0.890024 0.000000 -0.455914 0.863016 0.863016 0.863016
4170.452637 0.000000 2771.263672 0.000000 0.909531 0.000000 0.415635 0.647669 0.647669 0.647669
4163.427246 0.000000 2770.665771 0.000000 0.593822 0.000000 0.804596 0.526786 0.526786 0.526786
4171.811035 0.000000 2774.370850 0.000000 0.994662 0.000000 -0.103184 0.774677 0.774677 0.774677
4168.730469 0.000000 2768.014893 0.000000 0.965610 0.000000 -0.259994 0.812791 0.812791 0.812791
4165.583008 0.000000 2772.467041 0.000000 0.817598 0.000000 -0.575790 0.896479 0.896479 0.896479
4170.196289 0.000000 2765.211670 0.000000 0.652384 0.000000 -0.757889 0.955327 0.955327 0.955327
4160.165039 0.000000 2766.609863 0.000000 0.902437 0.000000 0.430822 0.643668 0.643668 0.643668
4169.796875 0.000000 2762.737061 0.000000 0.553764 0.000000 0.832673 0.515107 0.515107 0.515107
4168.099121 0.000000 2772.056641 0.000000 0.428139 0.000000 -0.903713 1.019377 1.019377 1.019377
4168.606934 0.000000 2776.800537 0.000000 0.850314 0.000000 0.526275 0.617691 0.617691 0.617691
4163.308105 0.000000 2773.141846 0.000000 0.212994 0.000000 -0.977053 1.073759 1.073759 1.073759
4181.256836 0.000000 2766.834229 0.000000 0.949732 0.000000 0.313064 0.673983 0.673983 0.673983
4169.231445 0.000000 2754.016357 0.000000 0.993379 0.000000 0.114883 0.722513 0.722513 0.722513
4166.794922 0.000000 2775.625977 0.000000 0.803537 0.000000 0.595255 0.597788 0.597788 0.597788
4184.397461 0.000000 2776.639404 0.000000 0.853653 0.000000 0.520841 0.619214 0.619214 0.619214
4167.032715 0.000000 2773.660156 0.000000 0.999791 0.000000 0.020459 0.745115 0.745115 0.745115
4168.194824 0.000000 2763.616211 0.000000 0.602236 0.000000 0.798318 0.529292 0.529292 0.529292
4160.003418 0.000000 2772.185547 0.000000 0.125411 0.000000 -0.992105 1.094981 1.094981 1.094981
4161.914551 0.000000 2767.327881 0.000000 0.956628 0.000000 0.291313 0.679431 0.679431 0.679431
4168.540039 0.000000 2755.157471 0.000000 0.240749 0.000000 -0.970587 1.066955 1.066955 1.066955
4192.750488 0.000000 2759.931396 0.000000 0.999819 0.000000 -0.019023 0.754542 0.754542 0.754542
4220.322754 0.000000 2778.183594 0.000000 0.549288 0.000000 -0.835633 0.986174 0.986174 0.986174
4192.987305 0.000000 2773.511475 0.000000 0.054884 0.000000 -0.998493 1.111891 1.111891 1.111891
4210.604980 0.000000 2774.964844 0.000000 0.906390 0.000000 -0.422443 0.854120 0.854120 0.854120
4217.993164 0.000000 2770.484131 0.000000 0.921544 0.000000 0.388274 0.654804 0.654804 0.654804
4198.732910 0.000000 2769.989014 0.000000 0.519390 0.000000 -0.854537 0.994619 0.994619 0.994619
4199.399414 0.000000 2765.211670 0.000000 0.316247 0.000000 0.948677 0.451817 0.451817 0.451817
4214.365723 0.000000 2772.740479 0.000000 0.647239 0.000000 -0.762287 0.956943 0.956943 0.956943
4196.223145 0.000000 2762.437012 0.000000 0.581457 0.000000 0.813577 0.523138 0.523138 0.523138
4217.660645 0.000000 2775.058350 0.000000 0.184155 0.000000 0.982897 0.419216 0.419216 0.419216
4192.374512 0.000000 2763.903809 0.000000 0.797089 0.000000 0.603862 0.595221 0.595221 0.595221
4192.253906 0.000000 2756.108398 0.000000 0.371178 0.000000 0.928562 0.465784 0.465784 0.465784
4195.427246 0.000000 2770.665771 0.000000 0.199483 0.000000 -0.979901 1.077055 1.077055 1.077055
4200.730469 0.000000 2768.014893 0.000000 0.346757 0.000000 0.937955 0.459538 0.459538 0.459538
4213.311523 0.000000 2775.662354 0.000000 0.438254 0.000000 -0.898851 1.016698 1.016698 1.016698
4198.121094 0.000000 2767.535889 0.000000 0.963134 0.000000 -0.269021 0.815025 0.815025 0.815025
4220.129883 0.000000 2775.536133 0.000000 0.837128 0.000000 -0.547007 0.888175 0.888175 0.888175
4197.046875 0.000000 2764.696533 0.000000 0.602414 0.000000 -0.798184 0.970654 0.970654 0.970654
4216.868164 0.000000 2772.541504 0.000000 0.944690 0.000000 0.327964 0.670228 0.670228 0.670228
4195.308105 0.000000 2773.141846 0.000000 0.104680 0.000000 -0.994506 1.099964 1.099964 1.099964
4215.361816 0.000000 2774.729492 0.000000 0.103455 0.000000 -0.994634 1.100258 1.100258 1.100258
4194.969727 0.000000 2760.090576 0.000000 0.350505 0.000000 0.936561 0.460493 0.460493 0.460493
4192.085449 0.000000 2758.143555 0.000000 0.292449 0.000000 0.956281 0.445853 0.445853 0.445853
4192.104004 0.000000 2761.992676 0.000000 0.867619 0.000000 0.497230 0.625763 0.625763 0.625763
4197.121582 0.000000 2770.713135 0.000000 0.787913 0.000000 0.615787 0.591629 0.591629 0.591629
4192.003418 0.000000 2772.185547 0.000000 0.622183 0.000000 0.782872 0.535316 0.535316 0.535316
4231.004883 0.000000 2746.616211 0.000000 0.045245 0.000000 -0.998976 1.114195 1.114195 1.114195
4231.940430 0.000000 2749.032715 0.000000 0.594559 0.000000 -0.804052 0.972995 0.972995 0.972995
4232.943359 0.000000 2751.228271 0.000000 0.777618 0.000000 0.628736 0.587679 0.587679 0.587679
4230.393066 0.000000 2748.795898 0.000000 0.457128 0.000000 -0.889401 1.011658 1.011658 1.011658
4258.681641 0.000000 2747.806152 0.000000 0.899725 0.000000 -0.436457 0.857825 0.857825 0.857825
4286.857910 0.000000 2750.204834 0.000000 0.415677 0.000000 -0.909512 1.022659 1.022659 1.022659
4284.365723 0.000000 2748.956299 0.000000 0.993121 0.000000 -0.117096 0.778019 0.778019 0.778019
4263.940430 0.000000 2749.032715 0.000000 0.310555 0.000000 -0.950556 1.049614 1.049614 1.049614
4261.052734 0.000000 2747.980469 0.000000 0.011241 0.000000 -0.999937 1.122316 1.122316 1.122316
4284.752441 0.000000 2751.208008 0.000000 0.677545 0.000000 -0.735481 0.947283 0.947283 0.947283
4285.460938 0.000000 2750.091553 0.000000 0.506377 0.000000 -0.862312 0.998238 0.998238 0.998238
4252.322754 0.000000 2778.183594 0.000000 0.653226 0.000000 0.757163 0.544939 0.544939 0.544939
4242.604980 0.000000 2774.964844 0.000000 0.992963 0.000000 0.118423 0.721662 0.721662 0.721662
4249.993164 0.000000 2770.484131 0.000000 0.382025 0.000000 -0.924152 1.031420 1.031420 1.031420
4232.025879 0.000000 2760.900635 0.000000 0.458535 0.000000 -0.888676 1.011281 1.011281 1.011281
4232.678711 0.000000 2774.482178 0.000000 0.124970 0.000000 0.992161 0.404913 0.404913 0.404913
4226.681641 0.000000 2779.806152 0.000000 0.200027 0.000000 0.979790 0.423077 0.423077 0.423077
4253.500488 0.000000 2765.729248 0.000000 0.990167 0.000000 -0.139891 0.783506 0.783506 0.783506
4246.988770 0.000000 2777.962891 0.000000 0.427483 0.000000 0.904023 0.480450 0.480450 0.480450
4238.161133 0.000000 2772.472412 0.000000 0.699906 0.000000 0.714235 0.560081 0.560081 0.560081
4233.388672 0.000000 2756.416260 0.000000 0.270591 0.000000 -0.962694 1.059586 1.059586 1.059586
4254.046875 0.000000 2773.620605 0.000000 0.718331 0.000000 -0.695701 0.933680 0.933680 0.933680
4255.730469 0.000000 2769.468262 0.000000 0.230664 0.000000 -0.973033 1.069432 1.069432 1.069432
4255.983887 0.000000 2777.194336 0.000000 0.988366 0.000000 -0.152097 0.786452 0.786452 0.786452
4241.490723 0.000000 2771.378906 0.000000 0.578976 0.000000 -0.815344 0.977589 0.977589 0.977589
4238.855957 0.000000 2775.860352 0.000000 0.753150 0.000000 -0.657849 0.921400 0.921400 0.921400
4225.410156 0.000000 2776.737793 0.000000 0.895278 0.000000 -0.445507 0.860233 0.860233 0.860233
4252.628906 0.000000 2768.770752 0.000000 0.305262 0.000000 -0.952268 1.050942 1.050942 1.050942
4235.811035 0.000000 2774.370850 0.000000 0.845701 0.000000 0.533657 0.615613 0.615613 0.615613
4245.311523 0.000000 2775.662354 0.000000 0.363582 0.000000 -0.931562 1.036165 1.036165 1.036165
4254.498535 0.000000 2762.052246 0.000000 0.965525 0.000000 0.260310 0.687131 0.687131 0.687131
4254.908203 0.000000 2779.572510 0.000000 0.967855 0.000000 0.251508 0.689305 0.689305 0.689305
4224.136719 0.000000 2779.778564 0.000000 0.651610 0.000000 -0.758554 0.955570 0.955570 0.955570
4252.129883 0.000000 2775.536133 0.000000 0.997359 0.000000 -0.072632 0.767355 0.767355 0.767355
4247.361816 0.000000 2774.729492 0.000000 0.868829 0.000000 -0.495112 0.873655 0.873655 0.873655
4254.534180 0.000000 2767.646729 0.000000 0.616380 0.000000 -0.787449 0.966449 0.966449 0.966449
4235.893555 0.000000 2760.931152 0.000000 0.972001 0.000000 -0.234975 0.806626 0.806626 0.806626
4244.888672 0.000000 2777.684082 0.000000 0.907734 0.000000 0.419547 0.646642 0.646642 0.646642
4255.150879 0.000000 2764.339600 0.000000 0.942082 0.000000 0.335383 0.668351 0.668351 0.668351
4248.093750 0.000000 2769.496338 0.000000 0.897454 0.000000 0.441109 0.640939 0.640939 0.640939
4232.813477 0.000000 2758.346436 0.000000 0.995077 0.000000 -0.099108 0.773699 0.773699 0.773699
4242.598145 0.000000 2772.992676 0.000000 0.285272 0.000000 -0.958447 1.055937 1.055937 1.055937
4245.895020 0.000000 2774.213379 0.000000 0.851946 0.000000 0.523629 0.618433 0.618433 0.618433
4248.826660 0.000000 2768.044922 0.000000 0.741757 0.000000 -0.670669 0.925495 0.925495 0.925495
4280.140625 0.000000 2762.975586 0.000000 0.992077 0.000000 0.125630 0.719929 0.719929 0.719929
4256.987305 0.000000 2773.511475 0.000000 0.798529 0.000000 -0.601957 0.904209 0.904209 0.904209
4283.528809 0.000000 2752.375977 0.000000 0.798677 0.000000 -0.601760 0.904150 0.904150 0.904150
4281.993164 0.000000 2770.484131 0.000000 0.923931 0.000000 -0.382560 0.843718 0.843718 0.843718
4264.025879 0.000000 2760.900635 0.000000 0.911721 0.000000 0.410809 0.648935 0.648935 0.648935
4263.825195 0.000000 2752.071533 0.000000 0.855841 0.000000 -0.517239 0.879780 0.879780 0.879780
4272.959961 0.000000 2762.489014 0.000000 0.841510 0.000000 0.540242 0.613749 0.613749 0.613749
4264.678711 0.000000 2774.482178 0.000000 0.062190 0.000000 0.998064 0.389856 0.389856 0.389856
4285.641113 0.000000 2759.481201 0.000000 0.961840 0.000000 0.273612 0.683836 0.683836 0.683836
4285.500488 0.000000 2765.729248 0.000000 0.544343 0.000000 0.838863 0.512416 0.512416 0.512416
4278.988770 0.000000 2777.962891 0.000000 0.532685 0.000000 0.846313 0.509113 0.509113 0.509113
4265.388672 0.000000 2756.416260 0.000000 0.733064 0.000000 -0.680160 0.928567 0.928567 0.928567
4263.004883 0.000000 2778.616211 0.000000 0.510542 0.000000 0.859853 0.502916 0.502916 0.502916
4267.641113 0.000000 2777.407471 0.000000 0.999907 0.000000 0.013670 0.746736 0.746736 0.746736
4279.549805 0.000000 2767.383057 0.000000 0.423059 0.000000 -0.906102 1.020717 1.020717 1.020717
4273.279785 0.000000 2758.307373 0.000000 0.124987 0.000000 -0.992158 1.095083 1.095083 1.095083
4269.525879 0.000000 2759.489746 0.000000 0.988625 0.000000 0.150403 0.713957 0.713957 0.713957
4266.452637 0.000000 2771.263672 0.000000 0.955200 0.000000 -0.295961 0.821730 0.821730 0.821730
4283.725098 0.000000 2762.650391 0.000000 0.999532 0.000000 -0.030581 0.757302 0.757302 0.757302
4284.628906 0.000000 2768.770752 0.000000 0.097403 0.000000 0.995245 0.398290 0.398290 0.398290
4267.811035 0.000000 2774.370850 0.000000 0.753613 0.000000 0.657319 0.578768 0.578768 0.578768
4266.603516 0.000000 2759.180908 0.000000 0.135396 0.000000 0.990792 0.407423 0.407423 0.407423
4284.365723 0.000000 2780.956299 0.000000 0.212772 0.000000 0.977102 0.426187 0.426187 0.426187
4278.093262 0.000000 2769.928223 0.000000 0.878360 0.000000 -0.478000 0.868979 0.868979 0.868979
4277.311523 0.000000 2775.662354 0.000000 0.234509 0.000000 0.972114 0.431511 0.431511 0.431511
4286.498535 0.000000 2762.052246 0.000000 0.972289 0.000000 0.233783 0.693667 0.693667 0.693667
4283.325195 0.000000 2772.877686 0.000000 0.257025 0.000000 -0.966405 1.062943 1.062943 1.062943
4264.099121 0.000000 2772.056641 0.000000 0.870299 0.000000 0.492524 0.627056 0.627056 0.627056
4282.233887 0.000000 2767.915039 0.000000 0.911403 0.000000 -0.411515 0.851250 0.851250 0.851250
4277.661621 0.000000 2762.533447 0.000000 0.244937 0.000000 0.969539 0.434075 0.434075 0.434075
4264.606934 0.000000 2776.800537 0.000000 0.997029 0.000000 -0.077024 0.768406 0.768406 0.768406
4259.308105 0.000000 2773.141846 0.000000 0.940451 0.000000 -0.339929 0.832802 0.832802 0.832802
4274.343750 0.000000 2760.453613 0.000000 0.257182 0.000000 0.966363 0.437096 0.437096 0.437096
4275.419434 0.000000 2762.523438 0.000000 0.035138 0.000000 -0.999382 1.116610 1.116610 1.116610
4280.093750 0.000000 2769.496338 0.000000 0.006938 0.000000 -0.999976 1.123344 1.123344 1.123344
4258.549805 0.000000 2774.988525 0.000000 0.293418 0.000000 -0.955984 1.053905 1.053905 1.053905
4264.813477 0.000000 2758.346436 0.000000 0.199305 0.000000 -0.979938 1.077099 1.077099 1.077099
4283.875977 0.000000 2766.799561 0.000000 0.743807 0.000000 0.668394 0.575236 0.575236 0.575236
4266.366699 0.000000 2775.943359 0.000000 0.568269 0.000000 0.822843 0.519290 0.519290 0.519290
4266.085938 0.000000 2773.116455 0.000000 0.954809 0.000000 0.297220 0.677955 0.677955 0.677955
4281.821289 0.000000 2763.678467 0.000000 0.607614 0.000000 0.794233 0.530905 0.530905 0.530905
4256.003418 0.000000 2772.185547 0.000000 0.938313 0.000000 -0.345786 0.834291 0.834291 0.834291
4299.488281 0.000000 2767.720703 0.000000 0.116708 0.000000 0.993166 0.402926 0.402926 0.402926
4304.959961 0.000000 2762.489014 0.000000 0.169910 0.000000 -0.985460 1.084239 1.084239 1.084239
4291.295410 0.000000 2766.797363 0.000000 0.746461 0.000000 -0.665429 0.923813 0.923813 0.923813
4300.227051 0.000000 2763.086914 0.000000 0.397883 0.000000 0.917436 0.472691 0.472691 0.472691
4288.582520 0.000000 2752.014404 0.000000 0.703509 0.000000 -0.710687 0.938712 0.938712 0.938712
4318.046875 0.000000 2773.620605 0.000000 0.147240 0.000000 0.989101 0.410279 0.410279 0.410279
4295.399414 0.000000 2765.211670 0.000000 0.007914 0.000000 0.999969 0.376889 0.376889 0.376889
4319.730469 0.000000 2769.468262 0.000000 0.943974 0.000000 0.330020 0.669708 0.669708 0.669708
4305.279785 0.000000 2758.307373 0.000000 0.913779 0.000000 -0.406212 0.849863 0.849863 0.849863
4288.374512 0.000000 2763.903809 0.000000 0.501494 0.000000 0.865161 0.500412 0.500412 0.500412
4288.324219 0.000000 2782.699219 0.000000 0.878006 0.000000 -0.478649 0.869155 0.869155 0.869155
4316.628906 0.000000 2768.770752 0.000000 0.947066 0.000000 0.321038 0.671976 0.671976 0.671976
4298.196289 0.000000 2765.211670 0.000000 0.120505 0.000000 -0.992713 1.096161 1.096161 1.096161
4288.165039 0.000000 2766.609863 0.000000 0.473798 0.000000 0.880634 0.492838 0.492838 0.492838
4301.002930 0.000000 2765.574463 0.000000 0.708401 0.000000 -0.705810 0.937063 0.937063 0.937063
4317.387695 0.000000 2771.185791 0.000000 0.442165 0.000000 -0.896934 1.015658 1.015658 1.015658
4294.121094 0.000000 2767.535889 0.000000 0.958225 0.000000 0.286014 0.680752 0.680752 0.680752
4307.775879 0.000000 2758.120361 0.000000 0.449505 0.000000 0.893278 0.486300 0.486300 0.486300
4289.856445 0.000000 2762.018311 0.000000 0.988592 0.000000 0.150615 0.713906 0.713906 0.713906
4306.343750 0.000000 2760.453613 0.000000 0.833846 0.000000 0.551997 0.610399 0.610399 0.610399
4296.943359 0.000000 2783.228271 0.000000 0.091407 0.000000 0.995814 0.396852 0.396852 0.396852
4290.690430 0.000000 2764.464844 0.000000 0.012460 0.000000 -0.999922 1.122025 1.122025 1.122025
4318.534180 0.000000 2767.646729 0.000000 0.975344 0.000000 -0.220689 0.803123 0.803123 0.803123
4319.541992 0.000000 2771.808350 0.000000 0.914401 0.000000 0.404809 0.650503 0.650503 0.650503
4288.152832 0.000000 2753.772949 0.000000 0.588230 0.000000 0.808694 0.525131 0.525131 0.525131
4289.803223 0.000000 2765.949463 0.000000 0.349056 0.000000 -0.937102 1.039877 1.039877 1.039877
4320.987305 0.000000 2773.511475 0.000000 0.432059 0.000000 -0.901845 1.018340 1.018340 1.018340
4324.715332 0.000000 2775.164795 0.000000 0.577670 0.000000 0.816270 0.522028 0.522028 0.522028
4322.549805 0.000000 2774.988525 0.000000 0.255232 0.000000 -0.966880 1.063386 1.063386 1.063386
4292.372559 0.000000 2787.959717 0.000000 0.076026 0.000000 0.997106 0.393167 0.393167 0.393167
4297.388672 0.000000 2788.416260 0.000000 0.897510 0.000000 0.440995 0.640969 0.640969 0.640969
4288.582520 0.000000 2784.014404 0.000000 0.227195 0.000000 -0.973849 1.070283 1.070283 1.070283
4291.864258 0.000000 2784.624512 0.000000 0.119203 0.000000 0.992870 0.403525 0.403525 0.403525
4294.954102 0.000000 2786.892090 0.000000 0.977520 0.000000 0.210841 0.699285 0.699285 0.699285
4294.988281 0.000000 2789.618164 0.000000 0.741009 0.000000 -0.671495 0.925761 0.925761 0.925761
"}
