object={
	name="tree_cypress_generator_1_0"
	clamp_to_water_level=no
	render_under_water=no
	generated_content=yes
	layer="tree_layer"
	pdxmesh="tree_cypress_01_mesh"
	count=658
	transform="3891.565186 0.000000 2800.439941 0.000000 0.070538 0.000000 0.997509 0.800000 0.800000 0.800000
3890.331543 0.000000 2801.819336 0.000000 0.447670 0.000000 0.894199 0.800000 0.800000 0.800000
3919.232666 0.000000 2801.605469 0.000000 0.392380 0.000000 0.919803 0.800000 0.800000 0.800000
3919.928467 0.000000 2803.435303 0.000000 0.267359 0.000000 -0.963597 0.932432 0.932432 0.932432
3953.862549 0.000000 2784.124512 0.000000 0.953006 0.000000 0.302952 0.768649 0.768649 0.768649
3966.382324 0.000000 2805.399658 0.000000 0.117744 0.000000 0.993044 0.800000 0.800000 0.800000
3950.777344 0.000000 2784.836426 0.000000 0.381629 0.000000 -0.924315 0.800000 0.800000 0.800000
3952.433105 0.000000 2784.805176 0.000000 0.957585 0.000000 0.288152 0.770227 0.770227 0.770227
3953.519287 0.000000 2785.907227 0.000000 0.664651 0.000000 0.747154 0.714054 0.714054 0.714054
3996.322754 0.000000 2810.183594 0.000000 0.273222 0.000000 0.961951 0.800000 0.800000 0.800000
3968.987305 0.000000 2805.511475 0.000000 0.312937 0.000000 0.949774 0.672420 0.672420 0.672420
3996.170410 0.000000 2813.081787 0.000000 0.478340 0.000000 -0.878175 0.800000 0.800000 0.800000
3995.194092 0.000000 2811.716309 0.000000 0.349023 0.000000 0.937114 0.800000 0.800000 0.800000
3887.261719 0.000000 2843.264648 0.000000 0.052466 0.000000 -0.998623 0.800000 0.800000 0.800000
3886.562500 0.000000 2845.712891 0.000000 0.931096 0.000000 0.364773 0.800000 0.800000 0.800000
3889.291504 0.000000 2842.975586 0.000000 0.995859 0.000000 -0.090912 0.800000 0.800000 0.800000
3888.522949 0.000000 2844.395264 0.000000 0.896485 0.000000 0.443074 0.753244 0.753244 0.753244
3935.941650 0.000000 2841.357666 0.000000 0.942718 0.000000 -0.333591 0.800000 0.800000 0.800000
3933.544678 0.000000 2839.852295 0.000000 0.049980 0.000000 -0.998750 0.800000 0.800000 0.800000
3935.571533 0.000000 2839.279297 0.000000 0.762749 0.000000 0.646695 0.800000 0.800000 0.800000
3932.580322 0.000000 2838.109131 0.000000 0.367012 0.000000 -0.930216 0.800000 0.800000 0.800000
3934.079346 0.000000 2841.628662 0.000000 0.070628 0.000000 0.997503 0.800000 0.800000 0.800000
3930.389648 0.000000 2861.317383 0.000000 0.861072 0.000000 0.508484 0.800000 0.800000 0.800000
3930.506592 0.000000 2863.911377 0.000000 0.947039 0.000000 0.321119 0.800000 0.800000 0.800000
3944.916260 0.000000 2859.197754 0.000000 0.117518 0.000000 0.993071 0.651998 0.651998 0.651998
3951.232666 0.000000 2929.605469 0.000000 0.998915 0.000000 -0.046574 0.800000 0.800000 0.800000
3951.928467 0.000000 2931.435303 0.000000 0.196952 0.000000 0.980413 0.660193 0.660193 0.660193
3950.210693 0.000000 2930.910889 0.000000 0.713795 0.000000 -0.700354 0.879032 0.879032 0.879032
4008.678711 0.000000 2902.482178 0.000000 0.660850 0.000000 0.750518 0.800000 0.800000 0.800000
4011.763672 0.000000 2902.359863 0.000000 0.569093 0.000000 -0.822273 0.800000 0.800000 0.800000
4007.362793 0.000000 2886.289062 0.000000 0.644975 0.000000 0.764204 0.711402 0.711402 0.711402
4010.355225 0.000000 2903.624756 0.000000 0.817387 0.000000 -0.576089 0.800000 0.800000 0.800000
4010.180420 0.000000 2901.328369 0.000000 0.446624 0.000000 0.894722 0.687160 0.687160 0.687160
4006.586426 0.000000 2887.869141 0.000000 0.913574 0.000000 0.406672 0.757341 0.757341 0.757341
4006.001953 0.000000 2886.424316 0.000000 0.128149 0.000000 0.991755 0.653089 0.653089 0.653089
3976.734619 0.000000 2943.146484 0.000000 0.891890 0.000000 -0.452253 0.800000 0.800000 0.800000
4094.382324 0.000000 2901.399658 0.000000 0.816410 0.000000 -0.577472 0.800000 0.800000 0.800000
4093.544678 0.000000 2903.852295 0.000000 0.885077 0.000000 -0.465445 0.849314 0.849314 0.849314
4095.571533 0.000000 2903.279297 0.000000 0.083459 0.000000 0.996511 0.648511 0.648511 0.648511
4092.580322 0.000000 2902.109131 0.000000 0.960738 0.000000 0.277458 0.771363 0.771363 0.771363
4094.264648 0.000000 2902.732666 0.000000 0.425607 0.000000 -0.904908 0.915219 0.915219 0.915219
4066.507324 0.000000 2935.033691 0.000000 0.835578 0.000000 0.549372 0.800000 0.800000 0.800000
4067.520996 0.000000 2936.469238 0.000000 0.408953 0.000000 -0.912555 0.917086 0.917086 0.917086
3975.825195 0.000000 2944.071533 0.000000 0.022720 0.000000 0.999742 0.800000 0.800000 0.800000
3977.730713 0.000000 2944.251465 0.000000 0.519038 0.000000 -0.854751 0.800000 0.800000 0.800000
4025.788086 0.000000 2948.828125 0.000000 0.892427 0.000000 0.451192 0.752320 0.752320 0.752320
4036.005615 0.000000 2961.225830 0.000000 0.906535 0.000000 0.422132 0.755610 0.755610 0.755610
4037.587402 0.000000 2960.953857 0.000000 0.370012 0.000000 -0.929027 0.921393 0.921393 0.921393
4073.388916 0.000000 3044.416260 0.000000 0.058529 0.000000 -0.998286 0.800000 0.800000 0.800000
4070.989502 0.000000 3042.940918 0.000000 0.638947 0.000000 0.769251 0.800000 0.800000 0.800000
4071.999756 0.000000 3069.135498 0.000000 0.076065 0.000000 -0.997103 0.800000 0.800000 0.800000
4073.258789 0.000000 3042.112061 0.000000 0.714945 0.000000 -0.699181 0.800000 0.800000 0.800000
4072.734619 0.000000 3071.146484 0.000000 0.975587 0.000000 -0.219614 0.800000 0.800000 0.800000
4071.676025 0.000000 3044.612305 0.000000 0.183706 0.000000 -0.982981 0.800000 0.800000 0.800000
4042.484375 0.000000 3101.530273 0.000000 0.624439 0.000000 0.781074 0.800000 0.800000 0.800000
4044.860352 0.000000 3100.324463 0.000000 0.257755 0.000000 0.966210 0.800000 0.800000 0.800000
4090.506592 0.000000 3087.911377 0.000000 0.096027 0.000000 0.995379 0.800000 0.800000 0.800000
4050.605225 0.000000 3126.964844 0.000000 0.710012 0.000000 -0.704189 0.800000 0.800000 0.800000
4057.788086 0.000000 3108.828125 0.000000 0.003595 0.000000 -0.999994 0.800000 0.800000 0.800000
4056.114014 0.000000 3111.641846 0.000000 0.104869 0.000000 -0.994486 0.800000 0.800000 0.800000
4053.210938 0.000000 3127.720215 0.000000 0.870413 0.000000 -0.492322 0.800000 0.800000 0.800000
4058.819092 0.000000 3111.365967 0.000000 0.196960 0.000000 -0.980411 0.939806 0.939806 0.939806
4051.516602 0.000000 3128.632812 0.000000 0.869557 0.000000 -0.493833 0.800000 0.800000 0.800000
4052.231445 0.000000 3126.341064 0.000000 0.939787 0.000000 -0.341761 0.800000 0.800000 0.800000
3990.989014 0.000000 3161.962891 0.000000 0.210532 0.000000 0.977587 0.800000 0.800000 0.800000
3994.629395 0.000000 3158.818604 0.000000 0.977124 0.000000 -0.212670 0.800000 0.800000 0.800000
3993.544922 0.000000 3163.427002 0.000000 0.720709 0.000000 -0.693237 0.800000 0.800000 0.800000
3995.967285 0.000000 3156.239014 0.000000 0.821913 0.000000 0.569613 0.738270 0.738270 0.738270
3991.747803 0.000000 3163.598389 0.000000 0.998600 0.000000 0.052890 0.794610 0.794610 0.794610
3994.843262 0.000000 3157.255859 0.000000 0.667139 0.000000 0.744934 0.714394 0.714394 0.714394
3990.408447 0.000000 3163.617676 0.000000 0.961265 0.000000 -0.275626 0.828443 0.828443 0.828443
4025.788086 0.000000 3140.828125 0.000000 0.048338 0.000000 -0.998831 0.800000 0.800000 0.800000
4026.051025 0.000000 3138.359619 0.000000 0.415082 0.000000 0.909784 0.800000 0.800000 0.800000
4051.368164 0.000000 3150.487061 0.000000 0.404327 0.000000 -0.914614 0.917602 0.917602 0.917602
4089.544922 0.000000 3163.427002 0.000000 0.637984 0.000000 -0.770049 0.889526 0.889526 0.889526
4095.067383 0.000000 3178.168945 0.000000 0.628772 0.000000 -0.777589 0.800000 0.800000 0.800000
4095.419189 0.000000 3176.312500 0.000000 0.204033 0.000000 -0.978964 0.800000 0.800000 0.800000
3856.829590 0.000000 3321.155518 0.000000 0.941646 0.000000 0.336605 0.765031 0.765031 0.765031
3863.240234 0.000000 3326.813477 0.000000 0.468659 0.000000 0.883379 0.800000 0.800000 0.800000
3861.440918 0.000000 3327.524902 0.000000 0.056467 0.000000 -0.998404 0.800000 0.800000 0.800000
3875.295410 0.000000 3310.797363 0.000000 0.225831 0.000000 -0.974167 0.800000 0.800000 0.800000
3877.908203 0.000000 3311.527588 0.000000 0.204573 0.000000 0.978851 0.800000 0.800000 0.800000
3876.005615 0.000000 3313.225830 0.000000 0.103152 0.000000 -0.994666 0.800000 0.800000 0.800000
3915.488281 0.000000 3311.720703 0.000000 0.683145 0.000000 -0.730283 0.800000 0.800000 0.800000
3907.295410 0.000000 3310.797363 0.000000 0.666567 0.000000 0.745445 0.800000 0.800000 0.800000
3909.908203 0.000000 3311.527588 0.000000 0.981843 0.000000 -0.189697 0.800000 0.800000 0.800000
3917.809814 0.000000 3311.802002 0.000000 0.666637 0.000000 0.745382 0.800000 0.800000 0.800000
3914.064209 0.000000 3313.313721 0.000000 0.978682 0.000000 0.205379 0.800000 0.800000 0.800000
4010.436279 0.000000 3251.319336 0.000000 0.225042 0.000000 0.974349 0.800000 0.800000 0.800000
4019.298828 0.000000 3258.444824 0.000000 0.511928 0.000000 -0.859028 0.800000 0.800000 0.800000
4016.829590 0.000000 3257.155518 0.000000 0.298858 0.000000 0.954298 0.800000 0.800000 0.800000
4008.314941 0.000000 3251.625977 0.000000 0.176219 0.000000 -0.984351 0.800000 0.800000 0.800000
4010.180420 0.000000 3253.328369 0.000000 0.979573 0.000000 -0.201088 0.800000 0.800000 0.800000
4019.516602 0.000000 3256.632812 0.000000 0.978974 0.000000 -0.203983 0.800000 0.800000 0.800000
4017.291504 0.000000 3258.975586 0.000000 0.741535 0.000000 0.670914 0.800000 0.800000 0.800000
4037.693115 0.000000 3262.356201 0.000000 0.980932 0.000000 0.194351 0.800000 0.800000 0.800000
4039.999756 0.000000 3261.135498 0.000000 0.546522 0.000000 0.837445 0.698896 0.698896 0.698896
4037.161865 0.000000 3260.119629 0.000000 0.025731 0.000000 0.999669 0.800000 0.800000 0.800000
4038.466553 0.000000 3260.944824 0.000000 0.766159 0.000000 -0.642652 0.871093 0.871093 0.871093
4019.753906 0.000000 3270.128662 0.000000 0.695721 0.000000 -0.718312 0.881627 0.881627 0.881627
4009.258789 0.000000 3266.112061 0.000000 0.492026 0.000000 -0.870581 0.800000 0.800000 0.800000
4028.506592 0.000000 3295.099121 0.000000 0.301708 0.000000 0.953400 0.800000 0.800000 0.800000
4009.730713 0.000000 3264.251465 0.000000 0.607945 0.000000 0.793979 0.800000 0.800000 0.800000
4026.792969 0.000000 3295.360840 0.000000 0.009699 0.000000 -0.999953 0.800000 0.800000 0.800000
4027.529053 0.000000 3296.375977 0.000000 0.892395 0.000000 0.451254 0.800000 0.800000 0.800000
4030.760742 0.000000 3326.381104 0.000000 0.366682 0.000000 -0.930346 0.921758 0.921758 0.921758
4004.005615 0.000000 3313.225830 0.000000 0.871186 0.000000 -0.490954 0.800000 0.800000 0.800000
4028.506592 0.000000 3327.099121 0.000000 0.398264 0.000000 -0.917271 0.800000 0.800000 0.800000
4008.734619 0.000000 3327.146484 0.000000 0.106926 0.000000 0.994267 0.800000 0.800000 0.800000
4029.285645 0.000000 3296.879883 0.000000 0.654150 0.000000 0.756365 0.800000 0.800000 0.800000
4005.578613 0.000000 3315.326172 0.000000 0.814335 0.000000 -0.580395 0.800000 0.800000 0.800000
4033.128662 0.000000 3281.790527 0.000000 0.230922 0.000000 0.972972 0.800000 0.800000 0.800000
4033.962891 0.000000 3280.086914 0.000000 0.450878 0.000000 -0.892585 0.800000 0.800000 0.800000
4080.171387 0.000000 3285.984375 0.000000 0.902500 0.000000 0.430689 0.754647 0.754647 0.754647
4080.833252 0.000000 3284.624756 0.000000 0.660439 0.000000 -0.750880 0.886518 0.886518 0.886518
4055.024414 0.000000 3317.626221 0.000000 0.387702 0.000000 -0.921785 0.800000 0.800000 0.800000
4043.455322 0.000000 3297.180420 0.000000 0.570804 0.000000 0.821086 0.800000 0.800000 0.800000
4054.315918 0.000000 3314.333496 0.000000 0.924386 0.000000 -0.381459 0.839865 0.839865 0.839865
4052.384766 0.000000 3316.500488 0.000000 0.704937 0.000000 -0.709270 0.800000 0.800000 0.800000
4037.908203 0.000000 3311.527588 0.000000 0.956995 0.000000 0.290103 0.800000 0.800000 0.800000
4036.005615 0.000000 3313.225830 0.000000 0.112790 0.000000 -0.993619 0.948487 0.948487 0.948487
4043.884033 0.000000 3299.469238 0.000000 0.196545 0.000000 0.980495 0.800000 0.800000 0.800000
4052.232666 0.000000 3314.385986 0.000000 0.913761 0.000000 0.406253 0.800000 0.800000 0.800000
4045.197998 0.000000 3298.037109 0.000000 0.698977 0.000000 0.715144 0.800000 0.800000 0.800000
4054.094727 0.000000 3316.133301 0.000000 0.229744 0.000000 0.973251 0.800000 0.800000 0.800000
4037.587402 0.000000 3312.953857 0.000000 0.193243 0.000000 -0.981151 0.940192 0.940192 0.940192
4064.063232 0.000000 3326.168213 0.000000 0.693961 0.000000 -0.720012 0.881876 0.881876 0.881876
4065.792480 0.000000 3325.468506 0.000000 0.958629 0.000000 0.284659 0.800000 0.800000 0.800000
4065.226562 0.000000 3327.161865 0.000000 0.572403 0.000000 0.819972 0.702076 0.702076 0.702076
3851.414307 0.000000 3353.570068 0.000000 0.975039 0.000000 -0.222035 0.800000 0.800000 0.800000
3863.250000 0.000000 3328.257568 0.000000 0.635812 0.000000 -0.771844 0.800000 0.800000 0.800000
3854.481689 0.000000 3351.917725 0.000000 0.984305 0.000000 0.176476 0.800000 0.800000 0.800000
3860.616699 0.000000 3329.325928 0.000000 0.167622 0.000000 0.985851 0.800000 0.800000 0.800000
3853.590332 0.000000 3353.980957 0.000000 0.847583 0.000000 0.530663 0.743022 0.743022 0.743022
3852.500244 0.000000 3352.073975 0.000000 0.073729 0.000000 -0.997278 0.952483 0.952483 0.952483
3873.128662 0.000000 3345.790527 0.000000 0.641968 0.000000 -0.766731 0.800000 0.800000 0.800000
3873.962891 0.000000 3344.086914 0.000000 0.879647 0.000000 -0.475628 0.800000 0.800000 0.800000
3902.753662 0.000000 3375.493408 0.000000 0.947959 0.000000 0.318393 0.766994 0.766994 0.766994
3900.330078 0.000000 3375.234863 0.000000 0.624651 0.000000 -0.780904 0.800000 0.800000 0.800000
3909.693115 0.000000 3358.356201 0.000000 0.944117 0.000000 -0.329610 0.800000 0.800000 0.800000
3920.586670 0.000000 3358.055908 0.000000 0.672686 0.000000 0.739928 0.715155 0.715155 0.715155
3911.999756 0.000000 3357.135498 0.000000 0.552074 0.000000 -0.833795 0.800000 0.800000 0.800000
3909.161865 0.000000 3356.119629 0.000000 0.464415 0.000000 -0.885618 0.800000 0.800000 0.800000
3918.562500 0.000000 3357.712891 0.000000 0.992317 0.000000 0.123722 0.800000 0.800000 0.800000
3920.161621 0.000000 3359.831055 0.000000 0.825996 0.000000 0.563677 0.739004 0.739004 0.739004
3908.838379 0.000000 3367.271484 0.000000 0.159584 0.000000 0.987184 0.800000 0.800000 0.800000
3906.131592 0.000000 3365.585938 0.000000 0.942937 0.000000 -0.332972 0.800000 0.800000 0.800000
3923.368896 0.000000 3370.471436 0.000000 0.279596 0.000000 -0.960118 0.800000 0.800000 0.800000
3912.734619 0.000000 3391.146484 0.000000 0.997375 0.000000 -0.072415 0.800000 0.800000 0.800000
3909.971191 0.000000 3365.001221 0.000000 0.069668 0.000000 -0.997570 0.800000 0.800000 0.800000
3908.018555 0.000000 3365.672852 0.000000 0.908708 0.000000 0.417432 0.800000 0.800000 0.800000
4007.825195 0.000000 3328.071533 0.000000 0.904059 0.000000 0.427408 0.800000 0.800000 0.800000
4006.864258 0.000000 3354.624268 0.000000 0.505853 0.000000 -0.862620 0.800000 0.800000 0.800000
4007.999756 0.000000 3357.135498 0.000000 0.269634 0.000000 -0.962963 0.800000 0.800000 0.800000
4009.730713 0.000000 3328.251465 0.000000 0.558084 0.000000 0.829785 0.800000 0.800000 0.800000
4029.500732 0.000000 3373.729248 0.000000 0.187032 0.000000 0.982354 0.800000 0.800000 0.800000
4031.067383 0.000000 3370.168945 0.000000 0.732161 0.000000 -0.681132 0.800000 0.800000 0.800000
4029.271240 0.000000 3371.597168 0.000000 0.448184 0.000000 -0.893941 0.800000 0.800000 0.800000
4031.147705 0.000000 3372.397461 0.000000 0.739007 0.000000 0.673698 0.800000 0.800000 0.800000
4028.028076 0.000000 3372.902100 0.000000 0.767404 0.000000 0.641164 0.800000 0.800000 0.800000
4032.987305 0.000000 3349.511475 0.000000 0.884326 0.000000 0.466870 0.800000 0.800000 0.800000
4051.844971 0.000000 3358.519531 0.000000 0.973680 0.000000 -0.227918 0.800000 0.800000 0.800000
4051.565186 0.000000 3344.439941 0.000000 0.164869 0.000000 0.986315 0.800000 0.800000 0.800000
4049.823975 0.000000 3347.529785 0.000000 0.428665 0.000000 0.903463 0.800000 0.800000 0.800000
4035.862549 0.000000 3347.765869 0.000000 0.846289 0.000000 -0.532725 0.800000 0.800000 0.800000
4048.586670 0.000000 3358.055908 0.000000 0.736776 0.000000 -0.676137 0.800000 0.800000 0.800000
4049.250000 0.000000 3344.291260 0.000000 0.170465 0.000000 -0.985364 0.800000 0.800000 0.800000
4032.164062 0.000000 3347.602295 0.000000 0.194959 0.000000 -0.980811 0.800000 0.800000 0.800000
4050.072754 0.000000 3359.400879 0.000000 0.915530 0.000000 0.402249 0.800000 0.800000 0.800000
4035.736084 0.000000 3349.622070 0.000000 0.720076 0.000000 -0.693895 0.878114 0.878114 0.878114
4034.054688 0.000000 3347.431396 0.000000 0.800227 0.000000 -0.599697 0.800000 0.800000 0.800000
4050.331543 0.000000 3345.819336 0.000000 0.994499 0.000000 0.104748 0.800000 0.800000 0.800000
4048.161621 0.000000 3359.831055 0.000000 0.078112 0.000000 -0.996945 0.800000 0.800000 0.800000
4046.161133 0.000000 3380.472412 0.000000 0.794457 0.000000 -0.607320 0.866482 0.866482 0.866482
4049.862549 0.000000 3360.124512 0.000000 0.630265 0.000000 0.776380 0.800000 0.800000 0.800000
4047.928467 0.000000 3379.435303 0.000000 0.435868 0.000000 -0.900010 0.800000 0.800000 0.800000
4027.583008 0.000000 3402.386719 0.000000 0.845936 0.000000 -0.533284 0.800000 0.800000 0.800000
4026.389648 0.000000 3405.317383 0.000000 0.184953 0.000000 0.982747 0.658948 0.658948 0.658948
4026.030273 0.000000 3403.390869 0.000000 0.038421 0.000000 0.999262 0.800000 0.800000 0.800000
4377.993164 0.000000 2802.484131 0.000000 0.940923 0.000000 -0.338621 0.800000 0.800000 0.800000
4375.024414 0.000000 2805.626221 0.000000 0.504096 0.000000 -0.863648 0.800000 0.800000 0.800000
4374.315918 0.000000 2802.333496 0.000000 0.002376 0.000000 0.999997 0.800000 0.800000 0.800000
4377.443359 0.000000 2804.736084 0.000000 0.582105 0.000000 0.813113 0.800000 0.800000 0.800000
4382.753906 0.000000 2799.493408 0.000000 0.976744 0.000000 0.214410 0.800000 0.800000 0.800000
4383.147461 0.000000 2796.397461 0.000000 0.849158 0.000000 0.528138 0.800000 0.800000 0.800000
4376.079102 0.000000 2803.280273 0.000000 0.949304 0.000000 -0.314361 0.800000 0.800000 0.800000
4374.094727 0.000000 2804.133301 0.000000 0.378891 0.000000 -0.925441 0.800000 0.800000 0.800000
4384.124512 0.000000 2796.257812 0.000000 0.427275 0.000000 -0.904122 0.800000 0.800000 0.800000
4410.389648 0.000000 2797.317383 0.000000 0.207162 0.000000 0.978307 0.661255 0.661255 0.661255
4407.683594 0.000000 2787.008057 0.000000 0.759401 0.000000 0.650623 0.800000 0.800000 0.800000
4384.145996 0.000000 2799.255615 0.000000 0.705320 0.000000 0.708889 0.800000 0.800000 0.800000
4410.506836 0.000000 2799.911377 0.000000 0.999874 0.000000 -0.015871 0.800000 0.800000 0.800000
4408.591309 0.000000 2797.569336 0.000000 0.255980 0.000000 -0.966682 0.800000 0.800000 0.800000
4385.613281 0.000000 2798.169678 0.000000 0.269896 0.000000 0.962889 0.800000 0.800000 0.800000
4596.446777 0.000000 2796.532959 0.000000 0.800239 0.000000 -0.599681 0.865506 0.865506 0.865506
4597.856934 0.000000 2794.490967 0.000000 0.570388 0.000000 0.821375 0.800000 0.800000 0.800000
4116.446777 0.000000 2924.532959 0.000000 0.403020 0.000000 0.915191 0.682253 0.682253 0.682253
4290.507324 0.000000 2935.033691 0.000000 0.400126 0.000000 0.916460 0.681931 0.681931 0.681931
4124.506836 0.000000 3007.099121 0.000000 0.841085 0.000000 -0.540903 0.858214 0.858214 0.858214
4122.792969 0.000000 3007.360840 0.000000 0.046327 0.000000 -0.998926 0.800000 0.800000 0.800000
4146.604980 0.000000 2998.964844 0.000000 0.913494 0.000000 0.406852 0.800000 0.800000 0.800000
4148.384766 0.000000 2996.500488 0.000000 0.730117 0.000000 -0.683322 0.800000 0.800000 0.800000
4149.210938 0.000000 2999.720215 0.000000 0.529046 0.000000 0.848593 0.800000 0.800000 0.800000
4146.325195 0.000000 2997.270752 0.000000 0.100178 0.000000 -0.994969 0.800000 0.800000 0.800000
4148.231445 0.000000 2998.341064 0.000000 0.600651 0.000000 0.799511 0.800000 0.800000 0.800000
4179.844727 0.000000 3006.519531 0.000000 0.159212 0.000000 -0.987244 0.800000 0.800000 0.800000
4176.586426 0.000000 3006.055908 0.000000 0.751016 0.000000 0.660284 0.800000 0.800000 0.800000
4178.283691 0.000000 3004.558838 0.000000 0.997654 0.000000 0.068462 0.800000 0.800000 0.800000
4178.072754 0.000000 3007.400879 0.000000 0.973108 0.000000 -0.230351 0.800000 0.800000 0.800000
4176.161621 0.000000 3007.831055 0.000000 0.920684 0.000000 -0.390308 0.800000 0.800000 0.800000
4202.436035 0.000000 2995.319336 0.000000 0.891352 0.000000 -0.453311 0.847922 0.847922 0.847922
4204.763184 0.000000 2994.268066 0.000000 0.392045 0.000000 -0.919946 0.800000 0.800000 0.800000
4202.063965 0.000000 2993.313721 0.000000 0.997556 0.000000 -0.069873 0.800000 0.800000 0.800000
4147.844727 0.000000 3070.519531 0.000000 0.960254 0.000000 -0.279126 0.800000 0.800000 0.800000
4146.283691 0.000000 3068.558838 0.000000 0.710348 0.000000 0.703851 0.800000 0.800000 0.800000
4146.072754 0.000000 3071.400879 0.000000 0.196855 0.000000 -0.980433 0.800000 0.800000 0.800000
4184.114258 0.000000 3047.641846 0.000000 0.524731 0.000000 0.851268 0.800000 0.800000 0.800000
4186.818848 0.000000 3047.365967 0.000000 0.830333 0.000000 0.557267 0.800000 0.800000 0.800000
4185.650391 0.000000 3049.261475 0.000000 0.420666 0.000000 0.907216 0.800000 0.800000 0.800000
4261.692871 0.000000 3006.356201 0.000000 0.900846 0.000000 0.434139 0.754257 0.754257 0.754257
4258.786621 0.000000 3007.084473 0.000000 0.907357 0.000000 -0.420361 0.800000 0.800000 0.800000
4261.162109 0.000000 3004.119629 0.000000 0.559717 0.000000 -0.828684 0.800000 0.800000 0.800000
4259.825195 0.000000 3005.484863 0.000000 0.897801 0.000000 -0.440401 0.800000 0.800000 0.800000
4260.441406 0.000000 3007.387207 0.000000 0.028459 0.000000 0.999595 0.642899 0.642899 0.642899
4294.552246 0.000000 2964.785889 0.000000 0.183116 0.000000 -0.983091 0.941242 0.941242 0.941242
4293.578613 0.000000 2963.326172 0.000000 0.586733 0.000000 -0.809780 0.800000 0.800000 0.800000
4343.587402 0.000000 2959.040771 0.000000 0.948710 0.000000 -0.316146 0.800000 0.800000 0.800000
4342.431152 0.000000 2972.837402 0.000000 0.384333 0.000000 -0.923195 0.919818 0.919818 0.919818
4337.250000 0.000000 2960.291260 0.000000 0.802647 0.000000 -0.596455 0.865096 0.865096 0.865096
4341.246094 0.000000 2971.139160 0.000000 0.666741 0.000000 0.745290 0.800000 0.800000 0.800000
4340.264160 0.000000 2972.675293 0.000000 0.563138 0.000000 0.826363 0.800000 0.800000 0.800000
4343.747559 0.000000 2971.598389 0.000000 0.808067 0.000000 0.589090 0.800000 0.800000 0.800000
4344.993652 0.000000 2959.777588 0.000000 0.759847 0.000000 -0.650102 0.872088 0.872088 0.872088
4328.678711 0.000000 2998.482178 0.000000 0.088622 0.000000 0.996065 0.800000 0.800000 0.800000
4331.763672 0.000000 2998.359863 0.000000 0.944902 0.000000 -0.327354 0.800000 0.800000 0.800000
4326.423340 0.000000 2986.887939 0.000000 0.599758 0.000000 -0.800181 0.800000 0.800000 0.800000
4325.369629 0.000000 2985.207520 0.000000 0.845864 0.000000 0.533399 0.800000 0.800000 0.800000
4330.354980 0.000000 2999.624756 0.000000 0.938627 0.000000 0.344933 0.800000 0.800000 0.800000
4330.180664 0.000000 2997.328369 0.000000 0.997750 0.000000 0.067042 0.800000 0.800000 0.800000
4266.484375 0.000000 3037.530273 0.000000 0.863191 0.000000 0.504878 0.800000 0.800000 0.800000
4259.295410 0.000000 3022.797363 0.000000 0.741876 0.000000 -0.670537 0.800000 0.800000 0.800000
4265.585449 0.000000 3035.315918 0.000000 0.235115 0.000000 0.971968 0.800000 0.800000 0.800000
4267.334473 0.000000 3035.444092 0.000000 0.972516 0.000000 -0.232834 0.823936 0.823936 0.823936
4281.788086 0.000000 3044.828125 0.000000 0.291074 0.000000 0.956700 0.670084 0.670084 0.670084
4279.446777 0.000000 3045.364014 0.000000 0.599224 0.000000 -0.800581 0.800000 0.800000 0.800000
4338.604980 0.000000 3030.964844 0.000000 0.980219 0.000000 0.197914 0.800000 0.800000 0.800000
4328.678711 0.000000 3030.482178 0.000000 0.993655 0.000000 0.112470 0.800000 0.800000 0.800000
4340.384766 0.000000 3028.500488 0.000000 0.381992 0.000000 -0.924166 0.800000 0.800000 0.800000
4341.210938 0.000000 3031.720215 0.000000 0.999880 0.000000 0.015469 0.798424 0.798424 0.798424
4326.552246 0.000000 3028.785889 0.000000 0.431328 0.000000 0.902195 0.800000 0.800000 0.800000
4338.325195 0.000000 3029.270752 0.000000 0.852774 0.000000 0.522281 0.800000 0.800000 0.800000
4340.231445 0.000000 3030.341064 0.000000 0.397419 0.000000 -0.917637 0.918370 0.918370 0.918370
4309.193848 0.000000 3044.141602 0.000000 0.652005 0.000000 -0.758215 0.887657 0.887657 0.887657
4311.446777 0.000000 3045.364014 0.000000 0.398159 0.000000 -0.917316 0.800000 0.800000 0.800000
4323.965820 0.000000 3050.703613 0.000000 0.302524 0.000000 0.953142 0.800000 0.800000 0.800000
4346.818848 0.000000 3047.365967 0.000000 0.845442 0.000000 0.534067 0.800000 0.800000 0.800000
4345.650391 0.000000 3049.261475 0.000000 0.545432 0.000000 0.838155 0.800000 0.800000 0.800000
4323.013184 0.000000 3048.541992 0.000000 0.776567 0.000000 -0.630035 0.869427 0.869427 0.869427
4347.789062 0.000000 3048.610352 0.000000 0.799563 0.000000 -0.600582 0.865621 0.865621 0.865621
4441.788086 0.000000 2820.828125 0.000000 0.532729 0.000000 -0.846286 0.800000 0.800000 0.800000
4440.114258 0.000000 2823.641846 0.000000 0.992370 0.000000 0.123299 0.800000 0.800000 0.800000
4439.446777 0.000000 2821.364014 0.000000 0.253733 0.000000 0.967274 0.800000 0.800000 0.800000
4438.091309 0.000000 2822.866455 0.000000 0.596840 0.000000 0.802360 0.800000 0.800000 0.800000
4453.578613 0.000000 2835.326172 0.000000 0.513061 0.000000 -0.858352 0.800000 0.800000 0.800000
4439.747559 0.000000 2875.598389 0.000000 0.376954 0.000000 0.926232 0.679369 0.679369 0.679369
4465.935547 0.000000 2861.263184 0.000000 0.907555 0.000000 0.419933 0.755857 0.755857 0.755857
4464.387207 0.000000 2860.447998 0.000000 0.998194 0.000000 -0.060074 0.806123 0.806123 0.806123
4357.692871 0.000000 2942.356201 0.000000 0.464877 0.000000 -0.885375 0.800000 0.800000 0.800000
4359.195312 0.000000 2942.818848 0.000000 0.109681 0.000000 -0.993967 0.948806 0.948806 0.948806
4358.035156 0.000000 2943.831299 0.000000 0.224734 0.000000 0.974420 0.663088 0.663088 0.663088
4401.862793 0.000000 2912.124512 0.000000 0.827761 0.000000 -0.561081 0.860677 0.860677 0.860677
4402.305664 0.000000 2915.216553 0.000000 0.271495 0.000000 -0.962440 0.800000 0.800000 0.800000
4400.208496 0.000000 2914.510498 0.000000 0.985327 0.000000 -0.170679 0.800000 0.800000 0.800000
4400.433105 0.000000 2912.805176 0.000000 0.925686 0.000000 0.378292 0.760484 0.760484 0.760484
4450.681641 0.000000 2907.806152 0.000000 0.919152 0.000000 0.393903 0.758760 0.758760 0.758760
4463.686523 0.000000 2894.603760 0.000000 0.233649 0.000000 -0.972321 0.800000 0.800000 0.800000
4463.232422 0.000000 2897.605469 0.000000 0.562236 0.000000 0.826977 0.800000 0.800000 0.800000
4477.544922 0.000000 2903.852295 0.000000 0.817481 0.000000 -0.575956 0.862518 0.862518 0.862518
4448.260254 0.000000 2907.645752 0.000000 0.407043 0.000000 -0.913409 0.800000 0.800000 0.800000
4461.809570 0.000000 2895.802002 0.000000 0.715971 0.000000 -0.698130 0.800000 0.800000 0.800000
4479.571289 0.000000 2903.279297 0.000000 0.879773 0.000000 -0.475394 0.800000 0.800000 0.800000
4476.580566 0.000000 2902.109131 0.000000 0.833367 0.000000 0.552720 0.740349 0.740349 0.740349
4450.583984 0.000000 2906.040039 0.000000 0.651890 0.000000 0.758313 0.712328 0.712328 0.712328
4436.446777 0.000000 2924.532959 0.000000 0.893139 0.000000 0.449780 0.800000 0.800000 0.800000
4419.862793 0.000000 2931.765869 0.000000 0.373096 0.000000 -0.927793 0.800000 0.800000 0.800000
4420.005371 0.000000 2929.225830 0.000000 0.922532 0.000000 -0.385920 0.800000 0.800000 0.800000
4437.312988 0.000000 2926.776855 0.000000 0.680528 0.000000 -0.732722 0.883760 0.883760 0.883760
4418.054688 0.000000 2931.431396 0.000000 0.159774 0.000000 0.987154 0.800000 0.800000 0.800000
4421.578613 0.000000 2931.326172 0.000000 0.987130 0.000000 0.159917 0.783641 0.783641 0.783641
4457.388672 0.000000 2916.416260 0.000000 0.889955 0.000000 0.456049 0.800000 0.800000 0.800000
4454.989258 0.000000 2914.940918 0.000000 0.451885 0.000000 -0.892076 0.800000 0.800000 0.800000
4457.258789 0.000000 2914.112061 0.000000 0.816061 0.000000 -0.577965 0.800000 0.800000 0.800000
4455.675781 0.000000 2916.612305 0.000000 0.117297 0.000000 0.993097 0.651975 0.651975 0.651975
4530.604980 0.000000 2870.964844 0.000000 0.156164 0.000000 -0.987731 0.800000 0.800000 0.800000
4528.920410 0.000000 2871.523193 0.000000 0.313225 0.000000 -0.949679 0.927549 0.927549 0.927549
4569.544922 0.000000 2843.427002 0.000000 0.715644 0.000000 0.698465 0.800000 0.800000 0.800000
4570.289062 0.000000 2841.031738 0.000000 0.570784 0.000000 0.821100 0.800000 0.800000 0.800000
4571.801270 0.000000 2840.174805 0.000000 0.690453 0.000000 0.723377 0.800000 0.800000 0.800000
4571.194336 0.000000 2843.716309 0.000000 0.994524 0.000000 0.104510 0.789335 0.789335 0.789335
4568.761719 0.000000 2841.881836 0.000000 0.652471 0.000000 0.757814 0.800000 0.800000 0.800000
4562.305664 0.000000 2851.216553 0.000000 0.958762 0.000000 -0.284212 0.829354 0.829354 0.829354
4563.927246 0.000000 2850.850342 0.000000 0.881556 0.000000 0.472079 0.749921 0.749921 0.749921
4592.959961 0.000000 2858.489014 0.000000 0.722112 0.000000 -0.691777 0.800000 0.800000 0.800000
4593.935547 0.000000 2861.263184 0.000000 0.982511 0.000000 0.186206 0.780922 0.780922 0.780922
4590.779785 0.000000 2859.715332 0.000000 0.291833 0.000000 -0.956469 0.800000 0.800000 0.800000
4592.387207 0.000000 2860.447998 0.000000 0.993001 0.000000 0.118107 0.787942 0.787942 0.787942
4490.709961 0.000000 2891.500488 0.000000 0.841534 0.000000 0.540204 0.741871 0.741871 0.741871
4522.484375 0.000000 2941.530273 0.000000 0.854517 0.000000 -0.519424 0.800000 0.800000 0.800000
4540.322754 0.000000 2938.183594 0.000000 0.002339 0.000000 -0.999997 0.800000 0.800000 0.800000
4526.380371 0.000000 2920.919434 0.000000 0.992990 0.000000 -0.118201 0.800000 0.800000 0.800000
4526.741211 0.000000 2918.475342 0.000000 0.039922 0.000000 -0.999203 0.800000 0.800000 0.800000
4526.779785 0.000000 2923.715332 0.000000 0.616898 0.000000 -0.787043 0.892285 0.892285 0.892285
4538.289062 0.000000 2937.031738 0.000000 0.986636 0.000000 0.162941 0.800000 0.800000 0.800000
4539.801270 0.000000 2936.174805 0.000000 0.172551 0.000000 -0.985001 0.800000 0.800000 0.800000
4539.194336 0.000000 2939.716309 0.000000 0.874545 0.000000 0.484945 0.800000 0.800000 0.800000
4548.732422 0.000000 2903.251465 0.000000 0.864339 0.000000 0.502909 0.746324 0.746324 0.746324
4548.383301 0.000000 2905.901123 0.000000 0.515655 0.000000 0.856797 0.800000 0.800000 0.800000
4546.507324 0.000000 2903.033691 0.000000 0.990893 0.000000 -0.134654 0.813758 0.813758 0.813758
4549.090820 0.000000 2902.026367 0.000000 0.986885 0.000000 -0.161425 0.816515 0.816515 0.816515
4588.040039 0.000000 2887.195557 0.000000 0.667813 0.000000 -0.744329 0.800000 0.800000 0.800000
4590.380371 0.000000 2888.919434 0.000000 0.836061 0.000000 0.548636 0.800000 0.800000 0.800000
4590.741211 0.000000 2886.475342 0.000000 0.873710 0.000000 -0.486447 0.800000 0.800000 0.800000
4588.569824 0.000000 2889.171875 0.000000 0.724756 0.000000 -0.689006 0.800000 0.800000 0.800000
4593.862793 0.000000 2912.124512 0.000000 0.699477 0.000000 -0.714655 0.800000 0.800000 0.800000
4594.305664 0.000000 2915.216553 0.000000 0.055971 0.000000 -0.998432 0.800000 0.800000 0.800000
4592.208496 0.000000 2914.510498 0.000000 0.526320 0.000000 0.850287 0.800000 0.800000 0.800000
4594.935547 0.000000 2913.515625 0.000000 0.315372 0.000000 -0.948968 0.927319 0.927319 0.927319
4595.628906 0.000000 2912.036377 0.000000 0.568026 0.000000 -0.823011 0.898466 0.898466 0.898466
4404.712891 0.000000 2952.359619 0.000000 0.151057 0.000000 -0.988525 0.800000 0.800000 0.800000
4402.268555 0.000000 2952.343262 0.000000 0.590170 0.000000 -0.807279 0.800000 0.800000 0.800000
4405.856934 0.000000 2954.490967 0.000000 0.747277 0.000000 0.664513 0.800000 0.800000 0.800000
4403.368652 0.000000 2954.471436 0.000000 0.668503 0.000000 -0.743710 0.885419 0.885419 0.885419
4384.145996 0.000000 2991.255615 0.000000 0.789781 0.000000 -0.613388 0.867262 0.867262 0.867262
4385.613281 0.000000 2990.169678 0.000000 0.687101 0.000000 -0.726562 0.882843 0.882843 0.882843
4363.455078 0.000000 3009.180420 0.000000 0.334069 0.000000 0.942549 0.800000 0.800000 0.800000
4363.884277 0.000000 3011.469238 0.000000 0.587826 0.000000 -0.808987 0.800000 0.800000 0.800000
4365.198242 0.000000 3010.037109 0.000000 0.299365 0.000000 0.954139 0.800000 0.800000 0.800000
4365.027344 0.000000 3008.088135 0.000000 0.597486 0.000000 -0.801880 0.800000 0.800000 0.800000
4377.393555 0.000000 3070.336914 0.000000 0.855350 0.000000 0.518051 0.800000 0.800000 0.800000
4362.436035 0.000000 3059.319336 0.000000 0.659963 0.000000 0.751298 0.800000 0.800000 0.800000
4364.763184 0.000000 3058.268066 0.000000 0.784331 0.000000 -0.620342 0.800000 0.800000 0.800000
4375.240234 0.000000 3070.813477 0.000000 0.461307 0.000000 0.887241 0.688838 0.688838 0.688838
4362.063965 0.000000 3057.313721 0.000000 0.929947 0.000000 0.367693 0.800000 0.800000 0.800000
4401.316406 0.000000 3046.062012 0.000000 0.658356 0.000000 0.752706 0.713199 0.713199 0.713199
4451.965820 0.000000 3050.703613 0.000000 0.131964 0.000000 -0.991255 0.946519 0.946519 0.946519
4449.533691 0.000000 3050.254150 0.000000 0.340177 0.000000 0.940361 0.800000 0.800000 0.800000
4451.013184 0.000000 3048.541992 0.000000 0.923555 0.000000 0.383467 0.800000 0.800000 0.800000
4503.587402 0.000000 2959.040771 0.000000 0.057451 0.000000 -0.998348 0.800000 0.800000 0.800000
4502.951660 0.000000 2956.861816 0.000000 0.985554 0.000000 0.169363 0.800000 0.800000 0.800000
4504.591309 0.000000 2957.569336 0.000000 0.528352 0.000000 0.849026 0.800000 0.800000 0.800000
4504.993652 0.000000 2959.777588 0.000000 0.843129 0.000000 -0.537712 0.857828 0.857828 0.857828
4505.803711 0.000000 2958.594971 0.000000 0.932576 0.000000 0.360973 0.762382 0.762382 0.762382
4482.131836 0.000000 2981.585938 0.000000 0.143650 0.000000 -0.989629 0.800000 0.800000 0.800000
4485.971191 0.000000 2981.001221 0.000000 0.273145 0.000000 0.961973 0.668180 0.668180 0.668180
4484.018555 0.000000 2981.672852 0.000000 0.835612 0.000000 0.549320 0.740764 0.740764 0.740764
4526.183594 0.000000 2979.834961 0.000000 0.966327 0.000000 -0.257317 0.826508 0.826508 0.826508
4526.777344 0.000000 2976.836426 0.000000 0.999552 0.000000 -0.029941 0.800000 0.800000 0.800000
4525.198242 0.000000 2978.037109 0.000000 0.994688 0.000000 0.102931 0.800000 0.800000 0.800000
4525.027344 0.000000 2976.088135 0.000000 0.417413 0.000000 0.908717 0.800000 0.800000 0.800000
4526.742676 0.000000 2978.489990 0.000000 0.414518 0.000000 -0.910041 0.916464 0.916464 0.916464
4565.193848 0.000000 2948.141602 0.000000 0.826028 0.000000 -0.563630 0.860991 0.860991 0.860991
4567.446777 0.000000 2949.364014 0.000000 0.241744 0.000000 0.970340 0.800000 0.800000 0.800000
4541.641113 0.000000 3015.481201 0.000000 0.044385 0.000000 0.999014 0.800000 0.800000 0.800000
4523.763672 0.000000 3030.359863 0.000000 0.983133 0.000000 0.182894 0.800000 0.800000 0.800000
4538.818848 0.000000 3015.365967 0.000000 0.375806 0.000000 -0.926698 0.920757 0.920757 0.920757
4522.354980 0.000000 3031.624756 0.000000 0.500828 0.000000 0.865547 0.800000 0.800000 0.800000
4522.180664 0.000000 3029.328369 0.000000 0.720215 0.000000 -0.693751 0.878094 0.878094 0.878094
4484.372559 0.000000 3043.959717 0.000000 0.377177 0.000000 -0.926141 0.920606 0.920606 0.920606
4482.271973 0.000000 3040.164307 0.000000 0.484628 0.000000 -0.874720 0.800000 0.800000 0.800000
4485.074219 0.000000 3040.958984 0.000000 0.564680 0.000000 0.825310 0.800000 0.800000 0.800000
4482.974121 0.000000 3042.174561 0.000000 0.996938 0.000000 -0.078202 0.800000 0.800000 0.800000
4485.298828 0.000000 3042.563232 0.000000 0.963454 0.000000 0.267875 0.772377 0.772377 0.772377
4514.681641 0.000000 3067.806152 0.000000 0.945564 0.000000 -0.325435 0.833763 0.833763 0.833763
4512.260254 0.000000 3067.645752 0.000000 0.645679 0.000000 -0.763609 0.800000 0.800000 0.800000
4514.583984 0.000000 3066.040039 0.000000 0.969238 0.000000 0.246127 0.774669 0.774669 0.774669
4563.564941 0.000000 3024.439941 0.000000 0.198966 0.000000 0.980006 0.800000 0.800000 0.800000
4549.692871 0.000000 3038.356201 0.000000 0.664196 0.000000 0.747559 0.800000 0.800000 0.800000
4561.824219 0.000000 3027.529785 0.000000 0.986674 0.000000 0.162709 0.800000 0.800000 0.800000
4546.786621 0.000000 3039.084473 0.000000 0.631068 0.000000 -0.775727 0.800000 0.800000 0.800000
4549.162109 0.000000 3036.119629 0.000000 0.893025 0.000000 0.450008 0.752455 0.752455 0.752455
4561.250000 0.000000 3024.291260 0.000000 0.349594 0.000000 0.936901 0.800000 0.800000 0.800000
4547.825195 0.000000 3037.484863 0.000000 0.359658 0.000000 -0.933084 0.800000 0.800000 0.800000
4562.331543 0.000000 3025.819336 0.000000 0.516915 0.000000 -0.856037 0.800000 0.800000 0.800000
4596.446777 0.000000 3020.532959 0.000000 0.981162 0.000000 0.193184 0.800000 0.800000 0.800000
4607.941895 0.000000 3033.357666 0.000000 0.810618 0.000000 -0.585576 0.800000 0.800000 0.800000
4597.856934 0.000000 3018.490967 0.000000 0.937627 0.000000 -0.347644 0.800000 0.800000 0.800000
4598.951660 0.000000 3020.861816 0.000000 0.925016 0.000000 0.379928 0.800000 0.800000 0.800000
4607.571289 0.000000 3031.279297 0.000000 0.242195 0.000000 -0.970228 0.800000 0.800000 0.800000
4606.079590 0.000000 3033.628662 0.000000 0.640556 0.000000 -0.767911 0.800000 0.800000 0.800000
4547.295410 0.000000 3054.797363 0.000000 0.788330 0.000000 -0.615253 0.867503 0.867503 0.867503
4570.629395 0.000000 3062.818604 0.000000 0.920080 0.000000 0.391731 0.800000 0.800000 0.800000
4544.145996 0.000000 3055.255615 0.000000 0.823117 0.000000 0.567872 0.800000 0.800000 0.800000
4571.967285 0.000000 3060.239014 0.000000 0.104356 0.000000 -0.994540 0.949351 0.949351 0.949351
4568.390137 0.000000 3063.846680 0.000000 0.927963 0.000000 -0.372671 0.800000 0.800000 0.800000
4569.443359 0.000000 3060.736084 0.000000 0.910024 0.000000 -0.414555 0.800000 0.800000 0.800000
4545.613281 0.000000 3054.169678 0.000000 0.432151 0.000000 0.901801 0.800000 0.800000 0.800000
4613.692871 0.000000 2814.356201 0.000000 0.965174 0.000000 -0.261609 0.800000 0.800000 0.800000
4615.825195 0.000000 2816.071533 0.000000 0.771101 0.000000 0.636713 0.729694 0.729694 0.729694
4612.732422 0.000000 2839.251465 0.000000 0.842488 0.000000 0.538715 0.800000 0.800000 0.800000
4613.074219 0.000000 2816.958984 0.000000 0.638651 0.000000 0.769497 0.800000 0.800000 0.800000
4612.383301 0.000000 2841.901123 0.000000 0.076564 0.000000 0.997065 0.647806 0.647806 0.647806
4613.823730 0.000000 2841.251465 0.000000 0.424102 0.000000 -0.905614 0.915389 0.915389 0.915389
4625.316406 0.000000 2918.062012 0.000000 0.466066 0.000000 -0.884750 0.910615 0.910615 0.910615
4622.741211 0.000000 2918.475342 0.000000 0.259579 0.000000 -0.965722 0.800000 0.800000 0.800000
4624.148926 0.000000 2916.500732 0.000000 0.265416 0.000000 -0.964134 0.800000 0.800000 0.800000
4640.968262 0.000000 2915.093750 0.000000 0.370973 0.000000 0.928643 0.800000 0.800000 0.800000
4642.131836 0.000000 2917.585938 0.000000 0.347224 0.000000 -0.937782 0.923880 0.923880 0.923880
4642.974121 0.000000 2914.174561 0.000000 0.915097 0.000000 -0.403234 0.800000 0.800000 0.800000
4640.228516 0.000000 2916.838135 0.000000 0.107961 0.000000 0.994155 0.800000 0.800000 0.800000
4691.298828 0.000000 2938.444824 0.000000 0.999867 0.000000 0.016325 0.800000 0.800000 0.800000
4693.246094 0.000000 2939.139160 0.000000 0.999920 0.000000 -0.012643 0.801288 0.801288 0.801288
4714.436035 0.000000 2931.319336 0.000000 0.746948 0.000000 0.664882 0.725914 0.725914 0.725914
4712.314941 0.000000 2931.625977 0.000000 0.215508 0.000000 -0.976502 0.800000 0.800000 0.800000
4621.590332 0.000000 2969.980957 0.000000 0.727847 0.000000 -0.685739 0.876967 0.876967 0.876967
4620.500000 0.000000 2968.073975 0.000000 0.811886 0.000000 0.583816 0.736499 0.736499 0.736499
4654.161133 0.000000 2964.472412 0.000000 0.329821 0.000000 -0.944044 0.800000 0.800000 0.800000
4657.316406 0.000000 2950.062012 0.000000 0.297851 0.000000 0.954612 0.670806 0.670806 0.670806
4654.481445 0.000000 2967.917725 0.000000 0.217083 0.000000 -0.976153 0.800000 0.800000 0.800000
4656.171387 0.000000 2965.984375 0.000000 0.755610 0.000000 -0.655022 0.800000 0.800000 0.800000
4654.741211 0.000000 2950.475342 0.000000 0.721860 0.000000 0.692040 0.800000 0.800000 0.800000
4656.920410 0.000000 2967.523193 0.000000 0.548113 0.000000 0.836405 0.699089 0.699089 0.699089
4671.490234 0.000000 2973.035156 0.000000 0.740656 0.000000 0.671885 0.724955 0.724955 0.724955
4666.958008 0.000000 2961.388916 0.000000 0.936350 0.000000 0.351068 0.763462 0.763462 0.763462
4620.227051 0.000000 2987.086914 0.000000 0.030529 0.000000 -0.999534 0.800000 0.800000 0.800000
4622.380371 0.000000 2984.919434 0.000000 0.780520 0.000000 -0.625130 0.800000 0.800000 0.800000
4622.779785 0.000000 2987.715332 0.000000 0.968801 0.000000 0.247838 0.774490 0.774490 0.774490
4610.507324 0.000000 2999.033691 0.000000 0.739417 0.000000 -0.673248 0.800000 0.800000 0.800000
4620.569824 0.000000 2985.171875 0.000000 0.216557 0.000000 -0.976270 0.800000 0.800000 0.800000
4611.736328 0.000000 2997.622070 0.000000 0.651128 0.000000 0.758968 0.712225 0.712225 0.712225
4623.382324 0.000000 2986.208252 0.000000 0.868132 0.000000 -0.496334 0.852903 0.852903 0.852903
4700.825195 0.000000 2961.151611 0.000000 0.869955 0.000000 0.493131 0.747473 0.747473 0.747473
4700.330078 0.000000 2959.234863 0.000000 0.971959 0.000000 0.235151 0.800000 0.800000 0.800000
4683.763672 0.000000 2998.359863 0.000000 0.987226 0.000000 0.159326 0.783702 0.783702 0.783702
4694.091309 0.000000 2982.866455 0.000000 0.932454 0.000000 -0.361288 0.837652 0.837652 0.837652
4682.354980 0.000000 2999.624756 0.000000 0.986802 0.000000 -0.161933 0.816567 0.816567 0.816567
4682.180664 0.000000 2997.328369 0.000000 0.442511 0.000000 0.896763 0.800000 0.800000 0.800000
4723.564941 0.000000 2992.439941 0.000000 0.214603 0.000000 0.976701 0.800000 0.800000 0.800000
4721.250000 0.000000 2992.291260 0.000000 0.459064 0.000000 -0.888403 0.800000 0.800000 0.800000
4722.331543 0.000000 2993.819336 0.000000 0.989313 0.000000 -0.145806 0.800000 0.800000 0.800000
4636.322754 0.000000 3034.183594 0.000000 0.996470 0.000000 0.083951 0.791439 0.791439 0.791439
4614.732910 0.000000 3025.989014 0.000000 0.419053 0.000000 -0.907962 0.800000 0.800000 0.800000
4609.328613 0.000000 3032.902100 0.000000 0.950029 0.000000 0.312161 0.800000 0.800000 0.800000
4636.170410 0.000000 3037.081787 0.000000 0.038044 0.000000 0.999276 0.800000 0.800000 0.800000
4613.908203 0.000000 3023.527588 0.000000 0.846333 0.000000 -0.532654 0.800000 0.800000 0.800000
4612.005371 0.000000 3025.225830 0.000000 0.809477 0.000000 -0.587151 0.800000 0.800000 0.800000
4608.017578 0.000000 3031.221924 0.000000 0.761801 0.000000 0.647812 0.800000 0.800000 0.800000
4650.484375 0.000000 3037.530273 0.000000 0.723644 0.000000 -0.690174 0.800000 0.800000 0.800000
4653.751465 0.000000 3039.674561 0.000000 0.766207 0.000000 0.642593 0.800000 0.800000 0.800000
4652.860352 0.000000 3036.324463 0.000000 0.100827 0.000000 -0.994904 0.949712 0.949712 0.949712
4651.808594 0.000000 3039.151123 0.000000 0.920391 0.000000 -0.391000 0.800000 0.800000 0.800000
4680.025879 0.000000 3016.900635 0.000000 0.609623 0.000000 -0.792692 0.800000 0.800000 0.800000
4676.732422 0.000000 3031.251465 0.000000 0.138529 0.000000 0.990358 0.654156 0.654156 0.654156
4676.383301 0.000000 3033.901123 0.000000 0.953002 0.000000 -0.302964 0.800000 0.800000 0.800000
4681.648926 0.000000 3015.006104 0.000000 0.518696 0.000000 -0.854959 0.800000 0.800000 0.800000
4674.507324 0.000000 3031.033691 0.000000 0.423314 0.000000 -0.905983 0.800000 0.800000 0.800000
4678.312500 0.000000 3030.513916 0.000000 0.962903 0.000000 0.269848 0.772169 0.772169 0.772169
4705.533691 0.000000 3018.254150 0.000000 0.718293 0.000000 -0.695741 0.878376 0.878376 0.878376
4711.825195 0.000000 3040.071533 0.000000 0.867411 0.000000 0.497592 0.746950 0.746950 0.746950
4733.500488 0.000000 3053.729248 0.000000 0.874576 0.000000 -0.484889 0.800000 0.800000 0.800000
4708.732422 0.000000 3063.251465 0.000000 0.976758 0.000000 0.214343 0.800000 0.800000 0.800000
4735.067383 0.000000 3050.168945 0.000000 0.856115 0.000000 -0.516785 0.800000 0.800000 0.800000
4710.552246 0.000000 3060.785889 0.000000 0.948523 0.000000 0.316707 0.800000 0.800000 0.800000
4733.270996 0.000000 3051.597168 0.000000 0.663877 0.000000 0.747841 0.800000 0.800000 0.800000
4735.147461 0.000000 3052.397461 0.000000 0.794909 0.000000 0.606728 0.800000 0.800000 0.800000
4732.027832 0.000000 3052.902100 0.000000 0.862358 0.000000 -0.506299 0.800000 0.800000 0.800000
4710.312500 0.000000 3062.513916 0.000000 0.959629 0.000000 0.281267 0.770958 0.770958 0.770958
4710.669434 0.000000 3041.283203 0.000000 0.498426 0.000000 0.866932 0.693148 0.693148 0.693148
4115.564941 0.000000 3088.439941 0.000000 0.971834 0.000000 -0.235666 0.800000 0.800000 0.800000
4108.040039 0.000000 3079.195557 0.000000 0.935773 0.000000 -0.352603 0.800000 0.800000 0.800000
4106.517090 0.000000 3081.252441 0.000000 0.994540 0.000000 0.104356 0.800000 0.800000 0.800000
4117.312988 0.000000 3086.776855 0.000000 0.387150 0.000000 0.922017 0.800000 0.800000 0.800000
4115.368164 0.000000 3086.487061 0.000000 0.410204 0.000000 -0.911994 0.800000 0.800000 0.800000
4108.569824 0.000000 3081.171875 0.000000 0.999566 0.000000 -0.029474 0.800000 0.800000 0.800000
4114.331543 0.000000 3089.819336 0.000000 0.022555 0.000000 0.999746 0.800000 0.800000 0.800000
4138.484375 0.000000 3101.530273 0.000000 0.118014 0.000000 -0.993012 0.800000 0.800000 0.800000
4138.436035 0.000000 3091.319336 0.000000 0.956682 0.000000 -0.291136 0.800000 0.800000 0.800000
4140.763184 0.000000 3090.268066 0.000000 0.573114 0.000000 0.819476 0.800000 0.800000 0.800000
4137.585449 0.000000 3099.315918 0.000000 0.372927 0.000000 0.927861 0.800000 0.800000 0.800000
4138.063965 0.000000 3089.313721 0.000000 0.628235 0.000000 0.778024 0.800000 0.800000 0.800000
4106.484375 0.000000 3133.530273 0.000000 0.570567 0.000000 0.821251 0.800000 0.800000 0.800000
4108.860352 0.000000 3132.324463 0.000000 0.344343 0.000000 -0.938844 0.800000 0.800000 0.800000
4163.965820 0.000000 3082.703613 0.000000 0.952966 0.000000 -0.303077 0.800000 0.800000 0.800000
4182.951660 0.000000 3084.861816 0.000000 0.977088 0.000000 -0.212837 0.800000 0.800000 0.800000
4163.013184 0.000000 3080.541992 0.000000 0.707463 0.000000 -0.706751 0.800000 0.800000 0.800000
4182.091309 0.000000 3078.866455 0.000000 0.122656 0.000000 0.992449 0.652525 0.652525 0.652525
4171.239258 0.000000 3077.344238 0.000000 0.532950 0.000000 0.846147 0.697253 0.697253 0.697253
4173.130371 0.000000 3077.463623 0.000000 0.855287 0.000000 -0.518155 0.855482 0.855482 0.855482
4172.894043 0.000000 3076.228516 0.000000 0.546222 0.000000 0.837640 0.698859 0.698859 0.698859
4184.140625 0.000000 3114.975586 0.000000 0.998991 0.000000 0.044906 0.800000 0.800000 0.800000
4166.864258 0.000000 3130.624268 0.000000 0.908873 0.000000 0.417074 0.800000 0.800000 0.800000
4187.583008 0.000000 3114.386719 0.000000 0.403991 0.000000 -0.914763 0.800000 0.800000 0.800000
4186.389648 0.000000 3117.317383 0.000000 0.679752 0.000000 -0.733442 0.800000 0.800000 0.800000
4167.999512 0.000000 3133.135498 0.000000 0.727289 0.000000 -0.686331 0.800000 0.800000 0.800000
4169.585449 0.000000 3131.315918 0.000000 0.965366 0.000000 0.260900 0.773114 0.773114 0.773114
4191.147461 0.000000 3116.397461 0.000000 0.310018 0.000000 -0.950731 0.800000 0.800000 0.800000
4186.030273 0.000000 3115.390869 0.000000 0.549944 0.000000 -0.835201 0.800000 0.800000 0.800000
4198.864258 0.000000 3130.624268 0.000000 0.652682 0.000000 0.757632 0.800000 0.800000 0.800000
4199.999512 0.000000 3133.135498 0.000000 0.168169 0.000000 0.985758 0.657211 0.657211 0.657211
4197.162109 0.000000 3132.119629 0.000000 0.682258 0.000000 0.731111 0.800000 0.800000 0.800000
4113.824219 0.000000 3155.529785 0.000000 0.947256 0.000000 -0.320477 0.800000 0.800000 0.800000
4112.171387 0.000000 3157.984375 0.000000 0.900361 0.000000 -0.435143 0.845857 0.845857 0.845857
4114.325195 0.000000 3157.270752 0.000000 0.985798 0.000000 0.167933 0.800000 0.800000 0.800000
4112.833008 0.000000 3156.624756 0.000000 0.775684 0.000000 0.631121 0.730430 0.730430 0.730430
4131.965820 0.000000 3146.703613 0.000000 0.988375 0.000000 0.152036 0.800000 0.800000 0.800000
4129.533691 0.000000 3146.254150 0.000000 0.668204 0.000000 0.743979 0.800000 0.800000 0.800000
4131.013184 0.000000 3144.541992 0.000000 0.434110 0.000000 -0.900860 0.800000 0.800000 0.800000
4105.388672 0.000000 3172.416260 0.000000 0.999484 0.000000 0.032111 0.796729 0.796729 0.796729
4097.533691 0.000000 3178.254150 0.000000 0.190384 0.000000 0.981710 0.800000 0.800000 0.800000
4105.258789 0.000000 3170.112061 0.000000 0.092942 0.000000 -0.995672 0.800000 0.800000 0.800000
4131.862793 0.000000 3187.765869 0.000000 0.876921 0.000000 0.480635 0.800000 0.800000 0.800000
4130.054688 0.000000 3187.431396 0.000000 0.467665 0.000000 0.883906 0.800000 0.800000 0.800000
4133.578613 0.000000 3187.326172 0.000000 0.860797 0.000000 -0.508948 0.800000 0.800000 0.800000
4200.314941 0.000000 3155.625977 0.000000 0.575034 0.000000 0.818129 0.800000 0.800000 0.800000
4181.193848 0.000000 3172.141602 0.000000 0.318297 0.000000 0.947991 0.800000 0.800000 0.800000
4183.683594 0.000000 3171.008057 0.000000 0.989358 0.000000 0.145504 0.800000 0.800000 0.800000
4183.446777 0.000000 3173.364014 0.000000 0.993944 0.000000 0.109890 0.800000 0.800000 0.800000
4181.975586 0.000000 3170.484863 0.000000 0.951953 0.000000 -0.306244 0.800000 0.800000 0.800000
4211.368164 0.000000 3182.487061 0.000000 0.431232 0.000000 -0.902241 0.914585 0.914585 0.914585
4128.987305 0.000000 3221.511475 0.000000 0.924007 0.000000 0.382375 0.800000 0.800000 0.800000
4130.507324 0.000000 3223.033691 0.000000 0.815271 0.000000 -0.579080 0.800000 0.800000 0.800000
4128.017578 0.000000 3223.221924 0.000000 0.586131 0.000000 -0.810216 0.800000 0.800000 0.800000
4131.736328 0.000000 3221.622070 0.000000 0.206529 0.000000 -0.978440 0.800000 0.800000 0.800000
4159.067383 0.000000 3242.168945 0.000000 0.953555 0.000000 0.301218 0.800000 0.800000 0.800000
4157.270996 0.000000 3243.597168 0.000000 0.995439 0.000000 0.095401 0.800000 0.800000 0.800000
4157.194824 0.000000 3241.345947 0.000000 0.960804 0.000000 0.277227 0.800000 0.800000 0.800000
4159.418945 0.000000 3240.312500 0.000000 0.644470 0.000000 0.764630 0.800000 0.800000 0.800000
4172.040039 0.000000 3207.195557 0.000000 0.183980 0.000000 -0.982930 0.941153 0.941153 0.941153
4171.239258 0.000000 3205.344238 0.000000 0.685528 0.000000 -0.728046 0.800000 0.800000 0.800000
4173.130371 0.000000 3205.463623 0.000000 0.431913 0.000000 -0.901915 0.800000 0.800000 0.800000
4197.971191 0.000000 3237.001221 0.000000 0.765398 0.000000 -0.643557 0.871214 0.871214 0.871214
4196.018555 0.000000 3237.672852 0.000000 0.993463 0.000000 -0.114156 0.811653 0.811653 0.811653
4199.675781 0.000000 3236.612305 0.000000 0.907755 0.000000 -0.419500 0.800000 0.800000 0.800000
4200.586914 0.000000 3279.828857 0.000000 0.608312 0.000000 0.793698 0.706609 0.706609 0.706609
4284.170410 0.000000 3229.081787 0.000000 0.424619 0.000000 -0.905372 0.800000 0.800000 0.800000
4284.506836 0.000000 3231.099121 0.000000 0.841217 0.000000 0.540698 0.741811 0.741811 0.741811
4319.812012 0.000000 3203.906738 0.000000 0.915029 0.000000 -0.403389 0.800000 0.800000 0.800000
4319.001953 0.000000 3200.256348 0.000000 0.041053 0.000000 0.999157 0.644183 0.644183 0.644183
4316.681641 0.000000 3203.338135 0.000000 0.907382 0.000000 0.420307 0.800000 0.800000 0.800000
4318.392578 0.000000 3202.338623 0.000000 0.859269 0.000000 -0.511524 0.800000 0.800000 0.800000
4317.285645 0.000000 3200.879883 0.000000 0.783892 0.000000 0.620897 0.800000 0.800000 0.800000
4304.959961 0.000000 3242.489014 0.000000 0.505319 0.000000 0.862932 0.800000 0.800000 0.800000
4306.268555 0.000000 3240.343262 0.000000 0.063399 0.000000 -0.997988 0.800000 0.800000 0.800000
4307.368652 0.000000 3242.471436 0.000000 0.174977 0.000000 0.984573 0.657915 0.657915 0.657915
4304.203125 0.000000 3240.010742 0.000000 0.876768 0.000000 0.480913 0.800000 0.800000 0.800000
4306.188477 0.000000 3243.710449 0.000000 0.999720 0.000000 -0.023654 0.802410 0.802410 0.802410
4331.884277 0.000000 3235.469238 0.000000 0.148689 0.000000 0.988884 0.800000 0.800000 0.800000
4331.239258 0.000000 3237.344238 0.000000 0.228483 0.000000 -0.973548 0.800000 0.800000 0.800000
4333.198242 0.000000 3234.037109 0.000000 0.619200 0.000000 0.785233 0.800000 0.800000 0.800000
4333.130371 0.000000 3237.463623 0.000000 0.094217 0.000000 0.995552 0.800000 0.800000 0.800000
4238.777344 0.000000 3264.836426 0.000000 0.917190 0.000000 -0.398451 0.841745 0.841745 0.841745
4230.552246 0.000000 3284.785889 0.000000 0.671905 0.000000 0.740637 0.800000 0.800000 0.800000
4229.578613 0.000000 3283.326172 0.000000 0.997117 0.000000 0.075876 0.800000 0.800000 0.800000
4230.979980 0.000000 3283.502686 0.000000 0.882866 0.000000 -0.469626 0.849796 0.849796 0.849796
4263.390137 0.000000 3277.223877 0.000000 0.904733 0.000000 0.425979 0.800000 0.800000 0.800000
4262.423340 0.000000 3274.887939 0.000000 0.660505 0.000000 -0.750822 0.800000 0.800000 0.800000
4264.916016 0.000000 3275.197754 0.000000 0.893519 0.000000 0.449025 0.800000 0.800000 0.800000
4254.523438 0.000000 3323.621582 0.000000 0.902991 0.000000 -0.429659 0.800000 0.800000 0.800000
4255.490234 0.000000 3325.035156 0.000000 0.222287 0.000000 0.974981 0.662833 0.662833 0.662833
4265.388672 0.000000 3300.416260 0.000000 0.965721 0.000000 -0.259581 0.800000 0.800000 0.800000
4281.393555 0.000000 3326.336914 0.000000 0.868093 0.000000 0.496401 0.800000 0.800000 0.800000
4256.260254 0.000000 3323.645752 0.000000 0.631681 0.000000 0.775228 0.800000 0.800000 0.800000
4267.884277 0.000000 3299.469238 0.000000 0.619773 0.000000 0.784781 0.800000 0.800000 0.800000
4265.258789 0.000000 3298.112061 0.000000 0.992689 0.000000 -0.120702 0.800000 0.800000 0.800000
4267.239258 0.000000 3301.344238 0.000000 0.756109 0.000000 -0.654445 0.800000 0.800000 0.800000
4280.159668 0.000000 3325.250000 0.000000 0.080654 0.000000 -0.996742 0.951776 0.951776 0.951776
4302.161133 0.000000 3284.472412 0.000000 0.866418 0.000000 0.499319 0.746747 0.746747 0.746747
4300.763184 0.000000 3282.268066 0.000000 0.745979 0.000000 -0.665969 0.800000 0.800000 0.800000
4300.139160 0.000000 3284.300537 0.000000 0.984719 0.000000 -0.174148 0.800000 0.800000 0.800000
4303.928223 0.000000 3283.435303 0.000000 0.993500 0.000000 0.113835 0.800000 0.800000 0.800000
4325.692871 0.000000 3294.356201 0.000000 0.976198 0.000000 0.216879 0.800000 0.800000 0.800000
4348.170410 0.000000 3293.081787 0.000000 0.855396 0.000000 0.517975 0.800000 0.800000 0.800000
4322.786621 0.000000 3295.084473 0.000000 0.928637 0.000000 -0.370990 0.800000 0.800000 0.800000
4325.162109 0.000000 3292.119629 0.000000 0.876907 0.000000 -0.480659 0.800000 0.800000 0.800000
4348.506836 0.000000 3295.099121 0.000000 0.824820 0.000000 -0.565395 0.800000 0.800000 0.800000
4323.825195 0.000000 3293.484863 0.000000 0.826659 0.000000 -0.562703 0.800000 0.800000 0.800000
4346.792969 0.000000 3295.360840 0.000000 0.737457 0.000000 0.675394 0.800000 0.800000 0.800000
4375.250000 0.000000 3072.257568 0.000000 0.656090 0.000000 -0.754682 0.800000 0.800000 0.800000
4377.358887 0.000000 3072.275391 0.000000 0.993251 0.000000 -0.115989 0.800000 0.800000 0.800000
4430.481445 0.000000 3095.917725 0.000000 0.102940 0.000000 -0.994688 0.800000 0.800000 0.800000
4456.025879 0.000000 3080.900635 0.000000 0.993750 0.000000 0.111629 0.800000 0.800000 0.800000
4454.423340 0.000000 3082.887939 0.000000 0.999712 0.000000 -0.024009 0.800000 0.800000 0.800000
4456.916016 0.000000 3083.197754 0.000000 0.994370 0.000000 0.105962 0.789186 0.789186 0.789186
4437.246094 0.000000 3131.139160 0.000000 0.016156 0.000000 -0.999869 0.958354 0.958354 0.958354
4439.747559 0.000000 3131.598389 0.000000 0.937543 0.000000 -0.347870 0.800000 0.800000 0.800000
4472.140625 0.000000 3114.975586 0.000000 0.916583 0.000000 0.399846 0.800000 0.800000 0.800000
4451.965820 0.000000 3114.703613 0.000000 0.693300 0.000000 -0.720649 0.800000 0.800000 0.800000
4448.124512 0.000000 3116.257812 0.000000 0.275194 0.000000 -0.961389 0.800000 0.800000 0.800000
4449.533691 0.000000 3114.254150 0.000000 0.643934 0.000000 -0.765081 0.800000 0.800000 0.800000
4450.435059 0.000000 3116.538330 0.000000 0.301501 0.000000 0.953466 0.800000 0.800000 0.800000
4387.965820 0.000000 3146.703613 0.000000 0.949856 0.000000 0.312689 0.767606 0.767606 0.767606
4386.435059 0.000000 3148.538330 0.000000 0.791188 0.000000 -0.611573 0.800000 0.800000 0.800000
4473.650391 0.000000 3145.261475 0.000000 0.955382 0.000000 0.295373 0.769458 0.769458 0.769458
4471.183105 0.000000 3145.252197 0.000000 0.875913 0.000000 0.482469 0.800000 0.800000 0.800000
4498.305664 0.000000 3075.216553 0.000000 0.738421 0.000000 -0.674340 0.875383 0.875383 0.875383
4496.208496 0.000000 3074.510498 0.000000 0.381132 0.000000 -0.924521 0.800000 0.800000 0.800000
4496.148926 0.000000 3076.500732 0.000000 0.933466 0.000000 0.358665 0.800000 0.800000 0.800000
4499.927246 0.000000 3074.850342 0.000000 0.999982 0.000000 0.006040 0.799385 0.799385 0.799385
4517.692871 0.000000 3102.356201 0.000000 0.959691 0.000000 -0.281057 0.800000 0.800000 0.800000
4542.753906 0.000000 3087.493408 0.000000 0.414769 0.000000 0.909927 0.800000 0.800000 0.800000
4543.147461 0.000000 3084.397461 0.000000 0.934316 0.000000 -0.356445 0.800000 0.800000 0.800000
4497.316406 0.000000 3110.062012 0.000000 0.259301 0.000000 0.965796 0.800000 0.800000 0.800000
4494.380371 0.000000 3112.919434 0.000000 0.970297 0.000000 -0.241916 0.800000 0.800000 0.800000
4494.741211 0.000000 3110.475342 0.000000 0.928390 0.000000 0.371607 0.800000 0.800000 0.800000
4496.203125 0.000000 3112.010742 0.000000 0.142033 0.000000 0.989862 0.800000 0.800000 0.800000
4519.825195 0.000000 3104.071533 0.000000 0.901450 0.000000 0.432884 0.800000 0.800000 0.800000
4535.250000 0.000000 3104.257568 0.000000 0.172134 0.000000 -0.985074 0.800000 0.800000 0.800000
4517.074219 0.000000 3104.958984 0.000000 0.639391 0.000000 -0.768882 0.800000 0.800000 0.800000
4532.616699 0.000000 3105.325928 0.000000 0.997644 0.000000 0.068598 0.793007 0.793007 0.793007
4535.683594 0.000000 3107.008057 0.000000 0.934681 0.000000 -0.355487 0.800000 0.800000 0.800000
4528.171387 0.000000 3125.984375 0.000000 0.996776 0.000000 -0.080231 0.800000 0.800000 0.800000
4533.975586 0.000000 3106.484863 0.000000 0.397078 0.000000 -0.917785 0.800000 0.800000 0.800000
4573.500488 0.000000 3085.729248 0.000000 0.911346 0.000000 -0.411640 0.843214 0.843214 0.843214
4544.124512 0.000000 3084.257812 0.000000 0.597538 0.000000 0.801841 0.800000 0.800000 0.800000
4571.583008 0.000000 3082.386719 0.000000 0.713946 0.000000 -0.700201 0.879010 0.879010 0.879010
4570.389648 0.000000 3085.317383 0.000000 0.395741 0.000000 0.918362 0.800000 0.800000 0.800000
4544.145996 0.000000 3087.255615 0.000000 0.426053 0.000000 0.904698 0.684831 0.684831 0.684831
4573.270996 0.000000 3083.597168 0.000000 0.989076 0.000000 -0.147409 0.800000 0.800000 0.800000
4570.030273 0.000000 3083.390869 0.000000 0.256035 0.000000 0.966667 0.666373 0.666373 0.666373
4545.613281 0.000000 3086.169678 0.000000 0.120961 0.000000 -0.992657 0.947649 0.947649 0.947649
4572.027832 0.000000 3084.902100 0.000000 0.947947 0.000000 -0.318428 0.833010 0.833010 0.833010
4561.316406 0.000000 3142.062012 0.000000 0.745222 0.000000 -0.666816 0.800000 0.800000 0.800000
4562.268555 0.000000 3144.343262 0.000000 0.803686 0.000000 -0.595054 0.800000 0.800000 0.800000
4563.753906 0.000000 3142.128662 0.000000 0.932668 0.000000 -0.360736 0.800000 0.800000 0.800000
4560.203125 0.000000 3144.010742 0.000000 0.568974 0.000000 0.822355 0.800000 0.800000 0.800000
4593.316406 0.000000 3142.062012 0.000000 0.808202 0.000000 -0.588906 0.800000 0.800000 0.800000
4594.268555 0.000000 3144.343262 0.000000 0.854495 0.000000 -0.519459 0.855637 0.855637 0.855637
4595.753906 0.000000 3142.128662 0.000000 0.998686 0.000000 0.051241 0.800000 0.800000 0.800000
4592.203125 0.000000 3144.010742 0.000000 0.940569 0.000000 -0.339604 0.800000 0.800000 0.800000
4390.864258 0.000000 3322.624268 0.000000 0.653094 0.000000 -0.757277 0.887511 0.887511 0.887511
4388.383301 0.000000 3321.901123 0.000000 0.845300 0.000000 -0.534293 0.800000 0.800000 0.800000
4390.890137 0.000000 3320.062256 0.000000 0.987225 0.000000 0.159331 0.800000 0.800000 0.800000
4391.779785 0.000000 3323.722656 0.000000 0.751271 0.000000 -0.659994 0.873421 0.873421 0.873421
4292.732422 0.000000 3351.251465 0.000000 0.766173 0.000000 0.642635 0.800000 0.800000 0.800000
4290.507324 0.000000 3351.033691 0.000000 0.989331 0.000000 -0.145683 0.800000 0.800000 0.800000
4291.736328 0.000000 3349.622070 0.000000 0.411146 0.000000 -0.911569 0.800000 0.800000 0.800000
4322.131836 0.000000 3333.585938 0.000000 0.989996 0.000000 0.141095 0.800000 0.800000 0.800000
4323.083984 0.000000 3334.955078 0.000000 0.962077 0.000000 -0.272776 0.828141 0.828141 0.828141
4287.812012 0.000000 3395.906738 0.000000 0.309040 0.000000 0.951049 0.800000 0.800000 0.800000
4284.681641 0.000000 3395.338135 0.000000 0.568986 0.000000 0.822347 0.800000 0.800000 0.800000
4284.286133 0.000000 3397.512695 0.000000 0.421797 0.000000 0.906690 0.800000 0.800000 0.800000
4286.392578 0.000000 3394.338623 0.000000 0.136113 0.000000 -0.990693 0.800000 0.800000 0.800000
4286.060547 0.000000 3396.585693 0.000000 0.273543 0.000000 0.961860 0.800000 0.800000 0.800000
4311.683594 0.000000 3395.008057 0.000000 0.951937 0.000000 -0.306294 0.800000 0.800000 0.800000
4311.446777 0.000000 3397.364014 0.000000 0.855950 0.000000 -0.517059 0.855351 0.855351 0.855351
4310.643066 0.000000 3396.125732 0.000000 0.004104 0.000000 -0.999992 0.959582 0.959582 0.959582
4323.013184 0.000000 3432.541992 0.000000 0.408421 0.000000 -0.912794 0.917145 0.917145 0.917145
4325.369629 0.000000 3433.207520 0.000000 0.358866 0.000000 -0.933389 0.800000 0.800000 0.800000
4307.368164 0.000000 3470.487061 0.000000 0.023199 0.000000 -0.999731 0.957637 0.957637 0.957637
4363.455078 0.000000 3329.180420 0.000000 0.778799 0.000000 -0.627274 0.800000 0.800000 0.800000
4363.884277 0.000000 3331.469238 0.000000 0.984308 0.000000 -0.176458 0.800000 0.800000 0.800000
4365.198242 0.000000 3330.037109 0.000000 0.882403 0.000000 0.470494 0.800000 0.800000 0.800000
4365.027344 0.000000 3328.088135 0.000000 0.337953 0.000000 0.941163 0.800000 0.800000 0.800000
4447.067383 0.000000 3338.168945 0.000000 0.194156 0.000000 0.980971 0.800000 0.800000 0.800000
4447.147461 0.000000 3340.397461 0.000000 0.801482 0.000000 0.598019 0.800000 0.800000 0.800000
4448.124512 0.000000 3340.257812 0.000000 0.232208 0.000000 0.972666 0.663870 0.663870 0.663870
4449.533691 0.000000 3338.254150 0.000000 0.799615 0.000000 -0.600513 0.800000 0.800000 0.800000
4494.183594 0.000000 3363.834961 0.000000 0.803273 0.000000 -0.595611 0.800000 0.800000 0.800000
4496.208496 0.000000 3362.510498 0.000000 0.762336 0.000000 -0.647182 0.871697 0.871697 0.871697
"}
