object={
	name="seagulls"
	clamp_to_water_level=yes
	render_under_water=no
	generated_content=no
	layer="monument_layer"
	entity="seagull_port_entity"
	count=379
	transform="384.597412 0.000000 1977.601196 0.000000 0.154631 0.000000 0.987972 1.000000 1.000000 1.000000
1823.694336 0.000000 2271.843018 -0.000000 0.050362 -0.000000 1.053012 1.000000 1.000000 1.000000
1840.500000 0.000000 2265.500000 -0.000000 0.471858 0.000000 0.581675 1.000000 1.000000 1.000000
1918.000000 0.000000 2211.000000 -0.000000 -0.272343 -0.000000 0.962200 1.000000 1.000000 1.000000
1685.000000 0.000000 2361.000000 -0.000000 0.718200 0.000000 0.870870 1.000000 1.000000 1.000000
1633.000000 0.000000 2408.000000 -0.000000 0.173503 0.000000 0.984833 1.000000 1.000000 1.000000
1870.000000 0.000000 2383.000000 0.000000 -0.923880 0.000000 0.182683 1.000000 1.000000 1.000000
1936.000000 0.000000 2345.000000 0.000000 -0.707107 -0.000000 0.707107 1.000000 1.000000 1.000000
1988.000000 0.000000 2192.000000 0.000000 -0.437885 -0.000000 0.346946 1.000000 1.000000 1.000000
2003.500000 0.000000 2235.000000 -0.000000 -0.633989 -0.000000 0.773342 1.000000 1.000000 1.000000
2033.000000 0.000000 2248.000000 -0.000000 0.447214 0.000000 0.894427 1.000000 1.000000 1.000000
2117.500000 0.000000 2215.000000 -0.000000 -0.856668 -0.000000 0.966500 1.000000 1.000000 1.000000
2040.281738 0.000000 2294.221924 0.000000 -0.998765 0.000000 0.249813 1.000000 1.000000 1.000000
1944.500000 0.000000 2021.800049 -0.000000 0.382683 0.000000 0.923880 1.000000 1.000000 1.000000
1977.000000 0.000000 2042.000000 -0.000000 -0.646375 -0.000000 0.763020 1.000000 1.000000 1.000000
1959.876831 0.000000 2094.360352 0.000000 0.983195 0.000000 0.182557 1.000000 1.000000 1.000000
2039.000000 0.000000 2129.000000 0.000000 -0.976534 -0.000000 0.630075 1.000000 1.000000 1.000000
1930.451172 0.000000 2035.584229 -0.000000 -0.600751 -0.000000 0.799437 1.000000 1.000000 1.000000
1906.195435 0.000000 1976.612061 0.000000 -0.715623 0.000000 0.698487 1.000000 1.000000 1.000000
1910.932983 0.000000 1922.280884 -0.000000 -0.591821 -0.000000 0.806069 1.000000 1.000000 1.000000
1815.495483 0.000000 1944.003784 0.000000 0.157182 0.000000 0.987570 1.000000 1.000000 1.000000
1715.959106 0.000000 1997.163696 -0.000000 0.554480 -0.000000 0.832197 1.000000 1.000000 1.000000
1778.329834 0.000000 2039.080200 -0.000000 -0.915022 -0.000000 0.403403 1.000000 1.000000 1.000000
1821.000000 0.000000 2418.000000 0.000000 -0.945873 -0.000000 0.324536 1.000000 1.000000 1.000000
1776.000000 0.000000 2508.000000 0.000000 -0.948684 -0.000000 0.616228 1.000000 1.000000 1.000000
1569.000000 0.000000 2488.000000 -0.000000 0.538954 0.000000 0.842335 1.000000 1.000000 1.000000
1557.000000 0.000000 2510.000000 -0.000000 0.641752 0.000000 0.897137 1.000000 1.000000 1.000000
1517.000000 0.000000 2562.000000 -0.000000 0.441752 0.000000 0.897137 1.000000 1.000000 1.000000
1697.000000 0.000000 2569.000000 0.000000 -0.940271 -0.000000 0.640425 1.000000 1.000000 1.000000
1686.000000 0.000000 2651.000000 0.000000 -0.735882 -0.000000 0.477109 1.000000 1.000000 1.000000
1684.000000 0.000000 2601.000000 0.000000 -0.767752 -0.000000 0.640747 1.000000 1.000000 1.000000
2967.210205 0.000000 1995.779663 -0.000000 -0.170672 -0.000000 0.985328 1.000000 1.000000 1.000000
3021.491211 0.000000 2068.664307 -0.000000 -0.130253 -0.000000 0.991481 1.000000 1.000000 1.000000
2968.833984 0.000000 2459.402588 0.000000 0.816340 0.000000 0.577572 1.000000 1.000000 1.000000
3030.579346 0.000000 2529.768555 -0.000000 0.940670 -0.000000 0.339324 1.000000 1.000000 1.000000
2927.421143 0.000000 2441.176270 -0.000000 -0.996678 -0.000000 0.081451 1.000000 1.000000 1.000000
2845.006348 0.000000 2432.265381 -0.000000 -0.995920 -0.000000 0.090234 1.000000 1.000000 1.000000
2796.805420 0.000000 2350.151855 -0.000000 0.999984 -0.000000 -0.005681 1.000000 1.000000 1.000000
2744.478760 0.000000 2339.497803 -0.000000 0.333512 -0.000000 0.942746 1.000000 1.000000 1.000000
2637.375244 0.000000 2011.109131 -0.000000 0.306976 -0.000000 0.951717 1.000000 1.000000 1.000000
2848.089111 0.000000 1990.959595 -0.000000 -0.564294 -0.000000 0.825573 1.000000 1.000000 1.000000
2583.255615 0.000000 2257.372070 -0.000000 -0.339368 -0.000000 0.940654 1.000000 1.000000 1.000000
2547.463379 0.000000 2162.870605 -0.000000 0.246522 -0.000000 0.969137 1.000000 1.000000 1.000000
2714.291992 0.000000 2199.729004 -0.000000 0.030839 -0.000000 0.999524 1.000000 1.000000 1.000000
2782.896729 0.000000 1900.947510 -0.000000 0.525630 0.000000 0.850713 1.000000 1.000000 1.000000
2686.163818 0.000000 2214.761963 0.000000 0.919780 0.000000 -0.392434 1.000000 1.000000 1.000000
2655.352051 0.000000 2124.283203 -0.000000 0.265646 0.000000 0.964071 1.000000 1.000000 1.000000
2752.877686 0.000000 2117.739014 -0.000000 0.566136 0.000000 0.824312 1.000000 1.000000 1.000000
3275.245361 0.000000 1974.670410 0.000000 -0.857121 0.000000 0.515115 1.000000 1.000000 1.000000
3178.868896 0.000000 1910.695557 -0.000000 -0.027575 -0.000000 0.999620 1.000000 1.000000 1.000000
2787.680176 0.000000 2434.858643 -0.000000 0.977695 -0.000000 -0.210034 1.000000 1.000000 1.000000
2717.123779 0.000000 2377.781494 -0.000000 -0.618074 -0.000000 0.786120 1.000000 1.000000 1.000000
2674.581055 0.000000 2348.523193 -0.000000 0.098066 -0.000000 0.995180 1.000000 1.000000 1.000000
2691.203857 0.000000 1840.417847 -0.000000 0.036086 -0.000000 0.999348 1.000000 1.000000 1.000000
2641.000244 0.000000 1864.801880 -0.000000 -0.990828 -0.000000 0.135126 1.000000 1.000000 1.000000
2553.878418 0.000000 2360.335693 -0.000000 -0.277564 -0.000000 0.960707 1.000000 1.000000 1.000000
2482.570068 0.000000 2327.755859 -0.000000 0.024089 -0.000000 0.999710 1.000000 1.000000 1.000000
2561.354492 0.000000 1869.926270 0.000000 0.908513 0.000000 0.417857 1.000000 1.000000 1.000000
2416.901611 0.000000 2303.919922 -0.000000 0.364435 -0.000000 0.931229 1.000000 1.000000 1.000000
2384.694092 0.000000 2331.357666 -0.000000 -0.592030 -0.000000 0.805916 1.000000 1.000000 1.000000
2435.769531 0.000000 2192.531738 -0.000000 -0.559196 -0.000000 0.829035 1.000000 1.000000 1.000000
2416.452393 0.000000 2150.758301 -0.000000 -0.615412 -0.000000 0.788205 1.000000 1.000000 1.000000
2454.000000 0.000000 2151.000000 -0.000000 0.000000 -0.000000 1.000000 1.000000 1.000000 1.000000
2481.047119 0.000000 2126.265869 -0.000000 -0.975703 -0.000000 0.219098 1.000000 1.000000 1.000000
2501.132324 0.000000 2118.993408 -0.000000 -0.031060 -0.000000 0.999518 1.000000 1.000000 1.000000
2504.728271 0.000000 2074.820801 -0.000000 0.401944 -0.000000 0.915664 1.000000 1.000000 1.000000
2479.000000 0.000000 2076.000000 -0.000000 -0.000000 -0.000000 1.000000 1.000000 1.000000 1.000000
2449.494385 0.000000 2072.101074 -0.000000 -0.966303 -0.000000 -0.257412 1.000000 1.000000 1.000000
2172.874512 0.000000 2296.877930 -0.000000 -0.970889 0.000000 -0.974840 1.000000 1.000000 1.000000
2477.517822 0.000000 1961.825562 0.000000 0.573005 -0.000000 0.819551 1.000000 1.000000 1.000000
2444.000000 0.000000 1965.000000 0.000000 0.573005 -0.000000 0.819551 1.000000 1.000000 1.000000
2396.874512 0.000000 1978.877930 -0.000000 -0.340425 -0.000000 0.940272 1.000000 1.000000 1.000000
2362.071777 0.000000 2084.772949 -0.000000 0.838384 -0.000000 0.545079 1.000000 1.000000 1.000000
2444.192139 0.000000 2036.341675 -0.000000 -0.302214 -0.000000 0.953240 1.000000 1.000000 1.000000
2474.215576 0.000000 2046.953857 0.000000 -0.856586 0.000000 0.516004 1.000000 1.000000 1.000000
2487.000000 0.000000 2059.000000 -0.000000 -0.500000 -0.000000 0.536050 1.000000 1.000000 1.000000
2651.598389 0.000000 1954.129639 -0.000000 -0.179920 -0.000000 0.983682 1.000000 1.000000 1.000000
2288.650146 0.000000 2111.777100 -0.000000 -0.288861 -0.000000 0.957371 1.000000 1.000000 1.000000
2289.609375 0.000000 2148.835693 -0.000000 -0.251669 -0.000000 0.451073 1.000000 1.000000 1.000000
2224.930664 0.000000 2192.805664 -0.000000 0.201220 -0.000000 -0.252597 1.000000 1.000000 1.000000
2695.174805 0.000000 2526.785156 -0.000000 -0.211336 -0.000000 0.977413 1.000000 1.000000 1.000000
3289.003174 0.000000 1494.769897 -0.000000 -0.513279 -0.000000 0.858222 1.000000 1.000000 1.000000
3203.464844 0.000000 1516.583130 -0.000000 0.962915 -0.000000 0.269803 1.000000 1.000000 1.000000
3275.377197 0.000000 1605.976563 -0.000000 -0.989792 -0.000000 -0.142520 1.000000 1.000000 1.000000
3060.237549 0.000000 1559.429443 0.000000 0.874643 0.000000 0.484769 1.000000 1.000000 1.000000
3119.187500 0.000000 1563.854980 -0.000000 -0.910099 -0.000000 0.414390 1.000000 1.000000 1.000000
3147.814941 0.000000 1547.130859 -0.000000 0.564698 -0.000000 0.825298 1.000000 1.000000 1.000000
3168.151855 0.000000 1580.899414 -0.000000 -0.419996 -0.000000 0.907526 1.000000 1.000000 1.000000
3186.844238 0.000000 1607.720093 -0.000000 0.458449 -0.000000 -0.888721 1.000000 1.000000 1.000000
3079.916260 0.000000 1578.220459 -0.000000 0.999679 -0.000000 -0.025331 1.000000 1.000000 1.000000
3186.182617 0.000000 1481.822388 -0.000000 -0.948647 -0.000000 0.316336 1.000000 1.000000 1.000000
3549.000000 0.000000 1172.000000 -0.000000 0.925140 -0.000000 -0.379625 1.000000 1.000000 1.000000
3671.602539 0.000000 1023.695068 -0.000000 -0.790292 -0.000000 0.612730 1.000000 1.000000 1.000000
3392.240967 0.000000 1660.461182 0.000000 0.834841 0.000000 0.550491 1.000000 1.000000 1.000000
3408.257813 0.000000 1731.446655 0.000000 0.763020 0.000000 0.646375 1.000000 1.000000 1.000000
3408.791016 0.000000 1793.515747 -0.000000 0.999756 -0.000000 0.022078 1.000000 1.000000 1.000000
3481.943359 0.000000 1499.901123 -0.000000 -0.508373 -0.000000 0.861137 1.000000 1.000000 1.000000
3493.873047 0.000000 1394.913086 -0.000000 0.760753 -0.000000 0.649042 1.000000 1.000000 1.000000
3412.081055 0.000000 1835.490479 -0.000000 0.661803 0.000000 0.749678 1.000000 1.000000 1.000000
3416.527832 0.000000 1865.505859 -0.000000 0.677109 0.000000 0.735882 1.000000 1.000000 1.000000
3423.504883 0.000000 1914.541870 -0.000000 0.679450 0.000000 0.733722 1.000000 1.000000 1.000000
3432.603516 0.000000 1951.780151 0.000000 0.923879 0.000000 0.382683 1.000000 1.000000 1.000000
3422.947021 0.000000 1981.596436 -0.000000 0.445444 -0.000000 0.895310 1.000000 1.000000 1.000000
3401.026123 0.000000 2036.641113 -0.000000 0.132733 0.000000 0.991152 1.000000 1.000000 1.000000
3397.256836 0.000000 2086.166260 -0.000000 0.541386 0.000000 0.840774 1.000000 1.000000 1.000000
4093.579590 0.000000 2034.553101 -0.000000 -0.000000 -0.000000 1.000000 1.000000 1.000000 1.000000
4073.772217 0.000000 1987.986084 -0.000000 0.364057 -0.000000 0.931377 1.000000 1.000000 1.000000
4372.982910 0.000000 1938.102173 -0.000000 -0.000000 -0.000000 1.000000 1.000000 1.000000 1.000000
4481.301270 0.000000 1835.192993 -0.000000 -0.000000 -0.000000 1.000000 1.000000 1.000000 1.000000
4447.899902 0.000000 1836.913574 -0.000000 -0.547732 -0.000000 0.836654 1.000000 1.000000 1.000000
1090.854614 0.000000 2389.854736 -0.000000 -0.661213 -0.000000 0.750198 1.000000 1.000000 1.000000
1090.589844 0.000000 2425.347900 -0.000000 -0.609236 -0.000000 0.792989 1.000000 1.000000 1.000000
1013.537903 0.000000 2330.760498 -0.000000 -0.326865 -0.000000 0.945071 1.000000 1.000000 1.000000
915.505249 0.000000 2280.024902 -0.000000 -0.452016 -0.000000 0.892010 1.000000 1.000000 1.000000
779.142639 0.000000 2543.698486 -0.000000 0.999009 -0.000000 -0.044515 1.000000 1.000000 1.000000
845.791382 0.000000 2204.200439 -0.000000 -0.547349 -0.000000 0.836905 1.000000 1.000000 1.000000
862.013245 0.000000 2114.494873 -0.000000 -0.320202 -0.000000 0.947349 1.000000 1.000000 1.000000
838.021606 0.000000 2157.311279 0.000000 -0.782579 -0.000000 0.622551 1.000000 1.000000 1.000000
814.991028 0.000000 2086.426514 -0.000000 -0.364140 -0.000000 0.931344 1.000000 1.000000 1.000000
783.065247 0.000000 2032.481445 -0.000000 -0.852210 -0.000000 0.523202 1.000000 1.000000 1.000000
694.229004 0.000000 2553.427734 -0.000000 0.999411 -0.000000 0.034321 1.000000 1.000000 1.000000
610.229553 0.000000 2568.350830 -0.000000 0.998462 -0.000000 0.055448 1.000000 1.000000 1.000000
550.124878 0.000000 2590.781738 -0.000000 0.998060 -0.000000 -0.062266 1.000000 1.000000 1.000000
360.437531 0.000000 2616.581055 -0.000000 0.426618 -0.000000 0.904432 1.000000 1.000000 1.000000
299.242889 0.000000 2554.937744 -0.000000 0.783833 -0.000000 0.620972 1.000000 1.000000 1.000000
298.907532 0.000000 2499.585693 -0.000000 0.769157 -0.000000 0.639059 1.000000 1.000000 1.000000
875.842712 0.000000 2243.446777 -0.000000 -0.322006 -0.000000 0.946738 1.000000 1.000000 1.000000
716.938416 0.000000 2003.655640 -0.000000 -0.479188 -0.000000 0.877712 1.000000 1.000000 1.000000
702.779297 0.000000 1980.437134 -0.000000 -0.593338 -0.000000 0.804953 1.000000 1.000000 1.000000
667.312195 0.000000 1967.797729 -0.000000 0.073176 -0.000000 0.997319 1.000000 1.000000 1.000000
617.463928 0.000000 1966.739990 -0.000000 0.160182 0.000000 0.987087 1.000000 1.000000 1.000000
295.257629 0.000000 2424.006592 -0.000000 0.698997 -0.000000 0.715125 1.000000 1.000000 1.000000
268.596313 0.000000 2347.076416 -0.000000 0.844273 -0.000000 0.535913 1.000000 1.000000 1.000000
217.163391 0.000000 2198.574219 -0.000000 0.688781 -0.000000 0.724970 1.000000 1.000000 1.000000
204.431671 0.000000 2214.422119 -0.000000 -0.000000 -0.000000 1.000000 1.000000 1.000000 1.000000
229.986984 0.000000 2126.547363 -0.000000 0.806751 -0.000000 0.590891 1.000000 1.000000 1.000000
268.622925 0.000000 2051.510986 -0.000000 0.372919 -0.000000 0.927864 1.000000 1.000000 1.000000
389.000000 0.000000 2027.000000 -0.000000 -0.084855 -0.000000 0.996393 1.000000 1.000000 1.000000
377.396606 0.000000 1998.205566 -0.000000 0.608850 -0.000000 0.793286 1.000000 1.000000 1.000000
416.205536 0.000000 1937.350830 -0.000000 0.247127 -0.000000 0.968983 1.000000 1.000000 1.000000
453.809357 0.000000 1950.672485 -0.000000 -0.433097 -0.000000 0.901347 1.000000 1.000000 1.000000
520.166443 0.000000 1977.914795 -0.000000 -0.041559 -0.000000 0.999136 1.000000 1.000000 1.000000
2802.707764 0.000000 2401.744873 -0.000000 0.004952 -0.000000 -0.999988 1.000000 1.000000 1.000000
1037.520752 0.000000 2174.004883 -0.000000 0.089806 0.000000 0.995959 1.000000 1.000000 1.000000
1133.037231 0.000000 2214.410400 0.000000 0.952295 0.000000 0.305177 1.000000 1.000000 1.000000
1682.604614 0.000000 1908.047363 -0.000000 0.447214 0.000000 0.894427 1.000000 1.000000 1.000000
3609.709229 0.000000 2717.755127 -0.000000 0.323173 -0.000000 0.946340 1.000000 1.000000 1.000000
3616.954102 0.000000 2672.908447 -0.000000 0.720213 -0.000000 0.693753 1.000000 1.000000 1.000000
3567.844971 0.000000 2606.443848 0.000000 0.973249 0.000000 0.229753 1.000000 1.000000 1.000000
3504.684814 0.000000 2587.142090 -0.000000 -0.985552 -0.000000 0.169363 1.000000 1.000000 1.000000
3563.335449 0.000000 2767.348389 -0.000000 0.331007 0.000000 0.943628 1.000000 1.000000 1.000000
3486.070068 0.000000 2786.807861 -0.000000 0.471858 0.000000 0.881675 1.000000 1.000000 1.000000
3372.000000 0.000000 2548.000000 0.000000 -0.984834 -0.000000 0.173503 1.000000 1.000000 1.000000
3303.011475 0.000000 2549.006348 0.000000 0.977335 0.000000 0.211700 1.000000 1.000000 1.000000
3195.658447 0.000000 2578.453857 0.000000 -0.923879 -0.000000 0.382683 1.000000 1.000000 1.000000
3123.283447 0.000000 2568.999268 0.000000 0.992508 0.000000 0.122183 1.000000 1.000000 1.000000
2632.840088 0.000000 2049.109619 -0.000000 -0.305731 -0.000000 0.952119 1.000000 1.000000 1.000000
3380.833496 0.000000 2162.237793 -0.000000 -0.109117 -0.000000 0.994029 1.000000 1.000000 1.000000
3350.000000 0.000000 2123.000000 -0.000000 -0.000000 -0.000000 1.000000 1.000000 1.000000 1.000000
3268.740234 0.000000 2101.102783 -0.000000 -0.584710 -0.000000 0.811242 1.000000 1.000000 1.000000
3145.009521 0.000000 2034.105225 -0.000000 0.196116 0.000000 0.980581 1.000000 1.000000 1.000000
2765.878662 0.000000 2064.364502 -0.000000 0.047898 -0.000000 0.998852 1.000000 1.000000 1.000000
2710.296387 0.000000 2078.639404 -0.000000 -0.666921 -0.000000 0.745128 1.000000 1.000000 1.000000
2795.060791 0.000000 2037.235474 -0.000000 -0.250841 -0.000000 0.968028 1.000000 1.000000 1.000000
2896.764404 0.000000 2031.440063 -0.000000 0.133421 -0.000000 0.991060 1.000000 1.000000 1.000000
2715.650879 0.000000 1984.796021 -0.000000 -0.426006 -0.000000 0.904720 1.000000 1.000000 1.000000
758.000000 0.000000 3188.000000 -0.000000 -0.398263 -0.000000 0.917271 1.000000 1.000000 1.000000
819.178894 0.000000 3186.971924 -0.000000 -0.270146 -0.000000 0.962819 1.000000 1.000000 1.000000
784.813477 0.000000 3245.559814 -0.000000 0.999045 -0.000000 -0.043700 1.000000 1.000000 1.000000
914.164063 0.000000 3185.955078 -0.000000 -0.269940 -0.000000 0.962877 1.000000 1.000000 1.000000
1040.886353 0.000000 3218.138916 -0.000000 -0.664384 -0.000000 0.747391 1.000000 1.000000 1.000000
999.725403 0.000000 3245.872070 -0.000000 0.718149 -0.000000 -0.695889 1.000000 1.000000 1.000000
1004.691895 0.000000 3373.788330 -0.000000 0.974126 -0.000000 0.226007 1.000000 1.000000 1.000000
804.904846 0.000000 3272.041260 -0.000000 -0.078663 -0.000000 -0.996901 1.000000 1.000000 1.000000
815.986206 0.000000 3438.475830 -0.000000 0.998297 -0.000000 -0.058336 1.000000 1.000000 1.000000
826.994568 0.000000 3480.536621 -0.000000 0.901800 -0.000000 0.432154 1.000000 1.000000 1.000000
989.695801 0.000000 3437.179199 -0.000000 -0.301916 -0.000000 0.953335 1.000000 1.000000 1.000000
819.211975 0.000000 3566.742920 -0.000000 0.909269 -0.000000 0.416208 1.000000 1.000000 1.000000
724.317566 0.000000 3298.949219 -0.000000 0.430781 -0.000000 0.902456 1.000000 1.000000 1.000000
740.000000 0.000000 3507.000000 -0.000000 -0.000000 -0.000000 1.000000 1.000000 1.000000 1.000000
731.779358 0.000000 3595.822266 -0.000000 0.999701 -0.000000 0.024445 1.000000 1.000000 1.000000
846.671326 0.000000 3664.036865 -0.000000 -0.951958 -0.000000 0.306229 1.000000 1.000000 1.000000
916.398987 0.000000 3761.350098 -0.000000 -0.739192 -0.000000 0.673494 1.000000 1.000000 1.000000
725.535278 0.000000 3711.024414 -0.000000 0.824645 -0.000000 0.565651 1.000000 1.000000 1.000000
858.494934 0.000000 3096.251465 -0.000000 0.995127 -0.000000 0.098605 1.000000 1.000000 1.000000
758.175598 0.000000 2913.385986 -0.000000 0.233734 -0.000000 0.972300 1.000000 1.000000 1.000000
656.348389 0.000000 3004.305908 -0.000000 -0.000000 -0.000000 1.000000 1.000000 1.000000 1.000000
780.564819 0.000000 2891.487305 -0.000000 -0.000000 -0.000000 1.000000 1.000000 1.000000 1.000000
747.070801 0.000000 3039.271973 -0.000000 0.986209 -0.000000 0.165505 1.000000 1.000000 1.000000
516.101563 0.000000 3342.249756 -0.000000 0.080616 -0.000000 0.996745 1.000000 1.000000 1.000000
585.459717 0.000000 3360.374756 -0.000000 -0.000000 -0.000000 1.000000 1.000000 1.000000 1.000000
657.860718 0.000000 3482.103516 -0.000000 0.895233 -0.000000 -0.445598 1.000000 1.000000 1.000000
815.872314 0.000000 2615.874023 -0.000000 0.821116 -0.000000 0.570761 1.000000 1.000000 1.000000
1089.232178 0.000000 2482.943604 -0.000000 -0.571368 -0.000000 0.820693 1.000000 1.000000 1.000000
1150.534546 0.000000 2522.305420 -0.000000 -0.098538 -0.000000 0.995133 1.000000 1.000000 1.000000
1246.316284 0.000000 2485.806641 -0.000000 0.311123 0.000000 0.950370 1.000000 1.000000 1.000000
2177.837158 0.000000 2385.332764 -0.000000 0.289784 0.000000 0.357092 1.000000 1.000000 1.000000
950.117615 0.000000 3073.521973 -0.000000 0.838232 -0.000000 0.545313 1.000000 1.000000 1.000000
1045.101196 0.000000 3161.657227 -0.000000 0.717135 -0.000000 0.696934 1.000000 1.000000 1.000000
1026.392822 0.000000 3112.367920 -0.000000 0.947770 -0.000000 0.318955 1.000000 1.000000 1.000000
981.099609 0.000000 3432.056885 -0.000000 -0.836514 -0.000000 0.547945 1.000000 1.000000 1.000000
425.055145 0.000000 1917.789917 -0.000000 0.996647 -0.000000 0.081816 1.000000 1.000000 1.000000
313.388000 0.000000 1778.675781 -0.000000 -0.924160 -0.000000 -0.382005 1.000000 1.000000 1.000000
615.199219 0.000000 1828.601929 -0.000000 -0.939758 -0.000000 0.341841 1.000000 1.000000 1.000000
697.284729 0.000000 1818.863159 0.000000 0.973249 0.000000 0.229753 1.000000 1.000000 1.000000
776.332764 0.000000 1857.656738 0.000000 0.957092 0.000000 0.289784 1.000000 1.000000 1.000000
812.193542 0.000000 1860.832886 -0.000000 -0.983648 -0.000000 0.180102 1.000000 1.000000 1.000000
920.576843 0.000000 1914.414917 -0.000000 0.993901 -0.000000 0.110275 1.000000 1.000000 1.000000
860.880554 0.000000 1894.456909 0.000000 0.930337 0.000000 0.366705 1.000000 1.000000 1.000000
1007.903748 0.000000 1913.883301 0.000000 -0.998984 -0.000000 0.045314 1.000000 1.000000 1.000000
1050.972656 0.000000 1925.452271 0.000000 -0.877712 -0.000000 0.479188 1.000000 1.000000 1.000000
1101.441162 0.000000 1934.512451 0.000000 0.993578 0.000000 0.113156 1.000000 1.000000 1.000000
1188.726807 0.000000 1920.400513 -0.000000 -0.962995 -0.000000 0.269519 1.000000 1.000000 1.000000
1231.299927 0.000000 1917.068970 0.000000 0.998765 0.000000 0.049813 1.000000 1.000000 1.000000
1253.495361 0.000000 1920.290405 0.000000 -0.983954 -0.000000 0.178425 1.000000 1.000000 1.000000
1385.371704 0.000000 1922.548950 -0.000000 -0.788154 -0.000000 0.615478 1.000000 1.000000 1.000000
1325.474365 0.000000 1921.986328 0.000000 0.998765 0.000000 0.049813 1.000000 1.000000 1.000000
1458.609497 0.000000 1927.864868 -0.000000 0.976289 -0.000000 0.216472 1.000000 1.000000 1.000000
1579.913452 0.000000 1853.110718 0.000000 -0.738423 -0.000000 0.874338 1.000000 1.000000 1.000000
1606.000000 0.000000 1887.000000 -0.000000 -0.560629 -0.000000 0.828067 1.000000 1.000000 1.000000
1602.311279 0.000000 1926.117554 0.000000 0.828067 0.000000 0.310629 1.000000 1.000000 1.000000
1569.214478 0.000000 1916.101563 -0.000000 -0.658725 -0.000000 0.752384 1.000000 1.000000 1.000000
1537.570557 0.000000 1953.051147 -0.000000 -0.963425 -0.000000 0.267976 1.000000 1.000000 1.000000
1597.807739 0.000000 1820.088867 0.000000 -0.913500 -0.000000 0.006839 1.000000 1.000000 1.000000
1622.000000 0.000000 1788.000000 0.000000 -0.861871 -0.000000 0.907128 1.000000 1.000000 1.000000
1623.016235 0.000000 1760.535889 -0.000000 -0.622551 -0.000000 0.782579 1.000000 1.000000 1.000000
1583.326416 0.000000 1705.184082 -0.000000 -0.191092 -0.000000 0.981572 1.000000 1.000000 1.000000
1561.238037 0.000000 1646.959961 -0.000000 -0.945650 -0.000000 0.325186 1.000000 1.000000 1.000000
1600.420898 0.000000 1645.215210 -0.000000 0.782986 -0.000000 0.622039 1.000000 1.000000 1.000000
1635.126343 0.000000 1605.507690 -0.000000 -0.900157 -0.000000 0.435565 1.000000 1.000000 1.000000
1800.890381 0.000000 1568.888794 0.000000 -0.989789 -0.000000 0.142539 1.000000 1.000000 1.000000
1944.522705 0.000000 1526.011230 0.000000 -0.923880 -0.000000 0.382683 1.000000 1.000000 1.000000
2060.000000 0.000000 1432.500000 -0.000000 2.000000 0.000000 0.000000 1.000000 1.000000 1.000000
2235.000000 0.000000 1367.000000 -0.000000 2.800000 -0.000000 1.000000 1.000000 1.000000 1.000000
2326.432617 0.000000 1449.329224 -0.000000 0.590253 0.000000 0.807219 1.000000 1.000000 1.000000
2335.406494 0.000000 1565.959961 -0.000000 0.911327 -0.000000 0.411685 1.000000 1.000000 1.000000
2386.251221 0.000000 1600.113892 -0.000000 0.992076 -0.000000 0.125636 1.000000 1.000000 1.000000
2436.578613 0.000000 1617.744995 0.000000 0.999572 0.000000 0.029374 1.000000 1.000000 1.000000
2541.380859 0.000000 1585.235229 0.000000 -0.781544 -0.000000 0.623851 1.000000 1.000000 1.000000
2693.000000 0.000000 1553.000000 -0.000000 -0.907420 -0.000000 0.420224 1.000000 1.000000 1.000000
2873.270264 0.000000 1541.821289 0.000000 -0.948684 -0.000000 0.316228 1.000000 1.000000 1.000000
1439.000000 0.000000 2111.000000 -0.000000 -0.000000 -0.000000 1.000000 1.000000 1.000000 1.000000
1435.000000 0.000000 2217.000000 0.000000 0.763020 0.000000 0.646375 1.000000 1.000000 1.000000
1513.500000 0.000000 2280.000000 0.000000 -0.730246 -0.000000 0.683184 1.000000 1.000000 1.000000
1471.000000 0.000000 2327.000000 -0.000000 0.098538 0.000000 0.995133 1.000000 1.000000 1.000000
1447.401855 0.000000 2412.485107 -0.000000 0.382683 0.000000 0.223880 1.000000 1.000000 1.000000
1504.000000 0.000000 2374.000000 -0.000000 -0.250841 -0.000000 0.368028 1.000000 1.000000 1.000000
1276.307373 0.000000 2474.366699 -0.000000 -0.000000 -0.000000 1.000000 1.000000 1.000000 1.000000
1353.355713 0.000000 2520.506592 -0.000000 -0.409656 -0.000000 0.912240 1.000000 1.000000 1.000000
1421.000000 0.000000 2553.000000 -0.000000 -0.573697 -0.000000 0.819067 1.000000 1.000000 1.000000
1458.000000 0.000000 2588.500000 -0.000000 -0.098538 -0.000000 0.995133 1.000000 1.000000 1.000000
1711.693848 0.000000 2692.531982 -0.000000 -0.315096 -0.000000 0.949060 1.000000 1.000000 1.000000
1752.098022 0.000000 2706.350098 -0.000000 -0.319324 -0.000000 0.947645 1.000000 1.000000 1.000000
1426.975098 0.000000 3084.116455 -0.000000 0.987538 -0.000000 -0.157383 1.000000 1.000000 1.000000
1320.478760 0.000000 3241.540771 -0.000000 0.999697 -0.000000 -0.024600 1.000000 1.000000 1.000000
1356.000000 0.000000 3397.000000 -0.000000 -0.000000 -0.000000 1.000000 1.000000 1.000000 1.000000
1425.005005 0.000000 3417.949463 -0.000000 0.978105 -0.000000 -0.208113 1.000000 1.000000 1.000000
1156.602783 0.000000 3236.480713 -0.000000 0.805358 -0.000000 0.592789 1.000000 1.000000 1.000000
1216.340332 0.000000 3300.006348 -0.000000 0.878920 -0.000000 0.476969 1.000000 1.000000 1.000000
1450.796509 0.000000 3445.050781 -0.000000 0.870896 -0.000000 0.491468 1.000000 1.000000 1.000000
1572.815552 0.000000 3443.275879 -0.000000 -0.948139 -0.000000 0.317855 1.000000 1.000000 1.000000
1432.460571 0.000000 3523.100830 -0.000000 0.850501 -0.000000 0.525973 1.000000 1.000000 1.000000
1422.954834 0.000000 3631.430908 -0.000000 0.827226 -0.000000 0.561870 1.000000 1.000000 1.000000
1543.736328 0.000000 3635.087891 -0.000000 0.240316 -0.000000 0.970695 1.000000 1.000000 1.000000
1437.145996 0.000000 3708.761963 -0.000000 0.898604 -0.000000 0.438761 1.000000 1.000000 1.000000
1550.261963 0.000000 3750.718018 -0.000000 -0.829005 -0.000000 0.559242 1.000000 1.000000 1.000000
1566.783813 0.000000 3548.304688 -0.000000 -0.711679 -0.000000 0.702505 1.000000 1.000000 1.000000
1643.227661 0.000000 3581.733154 -0.000000 -0.480751 -0.000000 0.876857 1.000000 1.000000 1.000000
1711.055176 0.000000 3460.976563 -0.000000 -0.916634 -0.000000 0.399728 1.000000 1.000000 1.000000
1776.000000 0.000000 2635.000000 -0.000000 0.400639 0.000000 0.953738 1.000000 1.000000 1.000000
1874.000000 0.000000 2546.000000 0.000000 0.382579 0.000000 0.922551 1.000000 1.000000 1.000000
1940.721924 0.000000 2519.116699 -0.000000 -0.060597 -0.000000 -0.152722 1.000000 1.000000 1.000000
2067.000000 0.000000 2454.000000 -0.000000 -0.008521 -0.000000 -0.098286 1.000000 1.000000 1.000000
2134.000000 0.000000 2414.000000 -0.000000 0.471858 0.000000 0.881675 1.000000 1.000000 1.000000
2706.721436 0.000000 2587.230957 -0.000000 -0.550945 -0.000000 0.834542 1.000000 1.000000 1.000000
2736.453857 0.000000 2655.884521 -0.000000 -0.673717 -0.000000 0.738989 1.000000 1.000000 1.000000
5967.179688 0.000000 2476.961914 -0.000000 0.226948 -0.000000 0.973907 1.000000 1.000000 1.000000
6015.200195 0.000000 2645.109375 -0.000000 0.367805 -0.000000 0.929903 1.000000 1.000000 1.000000
7112.120605 0.000000 3113.710449 -0.000000 0.999469 -0.000000 0.032583 1.000000 1.000000 1.000000
7304.944824 0.000000 3205.252441 -0.000000 0.927753 -0.000000 -0.373195 1.000000 1.000000 1.000000
2735.328857 0.000000 2716.166748 -0.000000 0.886823 -0.000000 0.462110 1.000000 1.000000 1.000000
2733.102295 0.000000 2753.019531 -0.000000 -0.512787 -0.000000 0.858516 1.000000 1.000000 1.000000
2753.436523 0.000000 2806.955322 -0.000000 -0.560629 -0.000000 0.828067 1.000000 1.000000 1.000000
2813.400635 0.000000 2882.304688 -0.000000 -0.333733 -0.000000 0.942668 1.000000 1.000000 1.000000
2884.273926 0.000000 2944.569092 -0.000000 0.110977 -0.000000 0.993823 1.000000 1.000000 1.000000
2998.576172 0.000000 2912.580811 -0.000000 0.140075 -0.000000 0.990141 1.000000 1.000000 1.000000
3008.347412 0.000000 2834.369873 -0.000000 -0.160182 -0.000000 0.987087 1.000000 1.000000 1.000000
3028.881592 0.000000 2791.972168 0.000000 0.735882 0.000000 0.677109 1.000000 1.000000 1.000000
3136.389160 0.000000 2856.201416 -0.000000 -0.613481 -0.000000 0.789709 1.000000 1.000000 1.000000
3212.422607 0.000000 2898.923584 -0.000000 0.161822 -0.000000 0.986820 1.000000 1.000000 1.000000
3263.675537 0.000000 2861.369873 -0.000000 0.379524 -0.000000 0.925182 1.000000 1.000000 1.000000
3719.920898 0.000000 1220.043701 -0.000000 0.134419 -0.000000 0.990925 1.000000 1.000000 1.000000
3871.994629 0.000000 1106.866455 -0.000000 0.118010 -0.000000 0.993012 1.000000 1.000000 1.000000
4012.204102 0.000000 937.877563 -0.000000 0.386375 -0.000000 0.922342 1.000000 1.000000 1.000000
4179.160645 0.000000 827.601868 -0.000000 0.131817 -0.000000 0.991274 1.000000 1.000000 1.000000
4288.760254 0.000000 733.071106 -0.000000 -0.000000 -0.000000 1.000000 1.000000 1.000000 1.000000
4488.022461 0.000000 585.329346 -0.000000 0.507979 -0.000000 0.861369 1.000000 1.000000 1.000000
4562.250977 0.000000 445.131683 -0.000000 0.863596 -0.000000 0.504185 1.000000 1.000000 1.000000
4684.420898 0.000000 319.311523 -0.000000 -0.022703 -0.000000 0.999742 1.000000 1.000000 1.000000
4794.849609 0.000000 365.941864 -0.000000 -0.000000 -0.000000 1.000000 1.000000 1.000000 1.000000
4901.791992 0.000000 471.453857 -0.000000 -0.356883 -0.000000 0.934149 1.000000 1.000000 1.000000
5078.975098 0.000000 650.351563 -0.000000 -0.458565 -0.000000 0.888661 1.000000 1.000000 1.000000
5275.054688 0.000000 881.236145 -0.000000 -0.862084 -0.000000 0.506765 1.000000 1.000000 1.000000
5403.512207 0.000000 1046.240356 -0.000000 -0.259979 -0.000000 0.965614 1.000000 1.000000 1.000000
1982.117920 0.000000 3520.243164 -0.000000 0.937943 -0.000000 -0.346789 1.000000 1.000000 1.000000
1766.656982 0.000000 3443.089600 -0.000000 0.971109 -0.000000 0.238637 1.000000 1.000000 1.000000
4538.171387 0.000000 1929.055420 -0.000000 0.269984 -0.000000 0.962865 1.000000 1.000000 1.000000
4663.002441 0.000000 1883.960083 -0.000000 -0.000000 -0.000000 1.000000 1.000000 1.000000 1.000000
4837.382813 0.000000 1822.686279 -0.000000 -0.000000 -0.000000 1.000000 1.000000 1.000000 1.000000
5161.124023 0.000000 1931.970459 -0.000000 -0.277498 -0.000000 0.960726 1.000000 1.000000 1.000000
5116.553711 0.000000 1861.644165 -0.000000 -0.376077 -0.000000 0.926588 1.000000 1.000000 1.000000
1681.685791 0.000000 3568.542236 -0.000000 -0.000000 -0.000000 1.000000 1.000000 1.000000 1.000000
1778.259888 0.000000 3640.208496 -0.000000 -0.145946 -0.000000 0.989293 1.000000 1.000000 1.000000
1868.709473 0.000000 3681.432861 -0.000000 -0.392502 -0.000000 0.919751 1.000000 1.000000 1.000000
1959.071777 0.000000 3742.758057 -0.000000 -0.282464 -0.000000 0.959278 1.000000 1.000000 1.000000
1929.891113 0.000000 3896.359131 -0.000000 -0.192696 -0.000000 0.981259 1.000000 1.000000 1.000000
1529.270264 0.000000 3888.847412 -0.000000 -0.334548 -0.000000 0.942379 1.000000 1.000000 1.000000
177.335739 0.000000 1729.081787 -0.000000 0.999801 -0.000000 -0.019967 1.000000 1.000000 1.000000
113.156395 0.000000 1682.221191 -0.000000 0.964251 -0.000000 0.264990 1.000000 1.000000 1.000000
5924.900391 0.000000 2191.326660 -0.000000 -0.000000 -0.000000 1.000000 1.000000 1.000000 1.000000
6259.038086 0.000000 2083.071289 -0.000000 0.998489 -0.000000 0.054960 1.000000 1.000000 1.000000
6043.127930 0.000000 2278.100586 -0.000000 0.839780 -0.000000 -0.542926 1.000000 1.000000 1.000000
6432.392578 0.000000 2036.642578 -0.000000 -0.155434 -0.000000 0.987846 1.000000 1.000000 1.000000
6075.500000 0.000000 2203.360596 -0.000000 -0.417197 -0.000000 0.908816 1.000000 1.000000 1.000000
6496.300293 0.000000 2187.962158 -0.000000 -0.953740 -0.000000 0.300631 1.000000 1.000000 1.000000
6177.735352 0.000000 2122.721436 -0.000000 0.197186 -0.000000 0.980366 1.000000 1.000000 1.000000
6033.897949 0.000000 2189.413330 -0.000000 -0.088750 -0.000000 0.996054 1.000000 1.000000 1.000000
6538.786133 0.000000 2178.554688 -0.000000 0.591317 -0.000000 0.806440 1.000000 1.000000 1.000000
6574.957520 0.000000 2151.759521 -0.000000 0.143364 -0.000000 0.989670 1.000000 1.000000 1.000000
6641.091309 0.000000 2052.457275 -0.000000 0.428039 -0.000000 0.903760 1.000000 1.000000 1.000000
6735.506836 0.000000 1957.850220 -0.000000 0.298073 -0.000000 0.954543 1.000000 1.000000 1.000000
6837.073730 0.000000 1864.378296 -0.000000 0.454981 -0.000000 0.890501 1.000000 1.000000 1.000000
7003.815430 0.000000 1776.152466 -0.000000 0.356712 -0.000000 0.934214 1.000000 1.000000 1.000000
7088.050781 0.000000 1720.925415 -0.000000 0.381500 -0.000000 0.924369 1.000000 1.000000 1.000000
7202.988770 0.000000 1639.580200 -0.000000 0.257149 -0.000000 0.966372 1.000000 1.000000 1.000000
7303.957520 0.000000 1602.004883 -0.000000 0.319667 -0.000000 0.947530 1.000000 1.000000 1.000000
7400.588379 0.000000 1537.846802 -0.000000 0.286691 -0.000000 0.958023 1.000000 1.000000 1.000000
7584.916504 0.000000 1483.170532 -0.000000 -0.299063 -0.000000 0.954233 1.000000 1.000000 1.000000
7597.002930 0.000000 1565.187012 -0.000000 -0.759741 -0.000000 0.650226 1.000000 1.000000 1.000000
7631.363770 0.000000 1653.522217 -0.000000 -0.428370 -0.000000 0.903603 1.000000 1.000000 1.000000
7628.200684 0.000000 1774.169556 -0.000000 -0.867812 -0.000000 0.496893 1.000000 1.000000 1.000000
7579.743164 0.000000 1833.341064 -0.000000 -0.964560 -0.000000 0.263862 1.000000 1.000000 1.000000
7962.568359 0.000000 1581.435547 -0.000000 -0.516785 -0.000000 0.856115 1.000000 1.000000 1.000000
7849.788086 0.000000 1715.968018 -0.000000 -0.951381 -0.000000 0.308015 1.000000 1.000000 1.000000
7802.870605 0.000000 1545.896973 -0.000000 0.360359 -0.000000 0.932814 1.000000 1.000000 1.000000
7709.736328 0.000000 1695.211548 -0.000000 0.575504 -0.000000 0.817799 1.000000 1.000000 1.000000
7528.634277 0.000000 1942.741821 -0.000000 -0.909403 -0.000000 0.415917 1.000000 1.000000 1.000000
7488.707031 0.000000 2014.774536 -0.000000 -0.930465 -0.000000 0.366382 1.000000 1.000000 1.000000
7383.265137 0.000000 2205.968018 -0.000000 -0.000000 -0.000000 1.000000 1.000000 1.000000 1.000000
7439.411621 0.000000 2324.462891 -0.000000 -0.460245 -0.000000 0.887792 1.000000 1.000000 1.000000
7464.462402 0.000000 2580.107666 -0.000000 -0.587816 -0.000000 0.808994 1.000000 1.000000 1.000000
7510.082520 0.000000 2802.940186 -0.000000 -0.799054 -0.000000 0.601259 1.000000 1.000000 1.000000
7488.778809 0.000000 2978.637695 -0.000000 -0.500547 -0.000000 0.865709 1.000000 1.000000 1.000000
4737.179199 0.000000 1622.774170 -0.000000 -0.771558 -0.000000 0.636159 1.000000 1.000000 1.000000
4772.445801 0.000000 1636.056396 -0.000000 -0.898202 -0.000000 0.439583 1.000000 1.000000 1.000000
5025.213379 0.000000 1566.238159 -0.000000 0.994058 -0.000000 0.108849 1.000000 1.000000 1.000000
5295.386230 0.000000 1716.614380 -0.000000 0.971931 -0.000000 -0.235266 1.000000 1.000000 1.000000
5134.567383 0.000000 1702.728882 -0.000000 0.862918 -0.000000 0.505344 1.000000 1.000000 1.000000
5494.386719 0.000000 1718.200073 -0.000000 0.934300 -0.000000 -0.356488 1.000000 1.000000 1.000000
5574.537109 0.000000 1468.734009 -0.000000 -0.231760 -0.000000 0.972773 1.000000 1.000000 1.000000
7686.270508 0.000000 3253.715332 -0.000000 0.179863 -0.000000 0.983692 1.000000 1.000000 1.000000
7602.415039 0.000000 3225.649902 -0.000000 -0.029842 -0.000000 0.999555 1.000000 1.000000 1.000000
7448.939941 0.000000 3223.836426 -0.000000 -0.355857 -0.000000 0.934541 1.000000 1.000000 1.000000
4023.930908 0.000000 635.151611 -0.000000 -0.983212 -0.000000 0.182469 1.000000 1.000000 1.000000
4242.395996 0.000000 427.728943 -0.000000 -0.935019 -0.000000 0.354597 1.000000 1.000000 1.000000
4678.803223 0.000000 268.089905 -0.000000 -0.871608 -0.000000 0.490205 1.000000 1.000000 1.000000
4713.805664 0.000000 199.693665 -0.000000 -0.941417 -0.000000 0.337246 1.000000 1.000000 1.000000
4866.520020 0.000000 172.797089 -0.000000 0.932573 -0.000000 0.360981 1.000000 1.000000 1.000000
5152.383301 0.000000 374.986694 -0.000000 0.987349 -0.000000 0.158564 1.000000 1.000000 1.000000
5364.887207 0.000000 513.197998 -0.000000 -0.804271 -0.000000 0.594262 1.000000 1.000000 1.000000
4960.058105 0.000000 243.572083 -0.000000 0.952056 -0.000000 0.305924 1.000000 1.000000 1.000000
5416.991699 0.000000 399.293671 -0.000000 -0.000000 -0.000000 1.000000 1.000000 1.000000 1.000000
5543.178711 0.000000 680.391418 -0.000000 0.955971 -0.000000 0.293463 1.000000 1.000000 1.000000
2122.944824 0.000000 3559.797607 0.000000 0.913917 0.000000 0.405901 1.000000 1.000000 1.000000
2144.328613 0.000000 3808.128662 0.000000 0.966506 0.000000 0.256643 1.000000 1.000000 1.000000
1198.576294 0.000000 2545.066162 -0.000000 -0.846902 -0.000000 0.531749 1.000000 1.000000 1.000000
864.473083 0.000000 2650.943359 -0.000000 0.865520 -0.000000 0.500874 1.000000 1.000000 1.000000
818.592224 0.000000 2885.770752 -0.000000 -0.272943 -0.000000 0.962030 1.000000 1.000000 1.000000
2519.000000 0.000000 2120.000000 -0.000000 -0.000000 -0.000000 1.000000 1.000000 1.000000 1.000000
"}
