object={
	name="amb_2D_base_wind_emitter"
	clamp_to_water_level=no
	render_under_water=no
	generated_content=no
	layer="Audio_layer"
	entity="map_ambient_2D_base_wind"
	count=1
	transform="0.000000 0.000000 0.000000 -0.000000 -0.000000 -0.000000 1.000000 1.000000 1.000000 1.000000
"}
object={
	name="amb_3D_desert_emitter"
	clamp_to_water_level=no
	render_under_water=no
	generated_content=no
	layer="Audio_layer"
	entity="map_ambient_3D_desert"
	count=87
	transform="3751.896973 0.000000 1796.281860 0.000000 0.000000 0.000000 1.000000 1.000000 1.000000 1.000000
3781.553955 0.000000 1930.020874 0.000000 0.000000 0.000000 1.000000 1.000000 1.000000 1.000000
3885.015137 0.000000 2184.256592 0.000000 0.000000 0.000000 1.000000 1.000000 1.000000 1.000000
4001.740723 0.000000 2288.915039 0.000000 0.000000 0.000000 1.000000 1.000000 1.000000 1.000000
4077.706787 0.000000 2361.670166 0.000000 0.000000 0.000000 1.000000 1.000000 1.000000 1.000000
4192.007812 0.000000 2397.710205 0.000000 0.000000 0.000000 1.000000 1.000000 1.000000 1.000000
4052.573975 0.000000 2197.250488 0.000000 0.000000 0.000000 1.000000 1.000000 1.000000 1.000000
4048.702148 0.000000 2073.159424 0.000000 0.000000 0.000000 1.000000 1.000000 1.000000 1.000000
3937.324463 0.000000 1860.436523 0.000000 0.000000 0.000000 1.000000 1.000000 1.000000 1.000000
3938.731445 0.000000 1793.925537 0.000000 0.000000 0.000000 1.000000 1.000000 1.000000 1.000000
4204.501465 0.000000 1758.578003 0.000000 0.000000 0.000000 1.000000 1.000000 1.000000 1.000000
4348.163086 0.000000 1710.190674 0.000000 0.000000 0.000000 1.000000 1.000000 1.000000 1.000000
4360.965332 0.000000 2107.965332 0.000000 0.000000 0.000000 1.000000 1.000000 1.000000 1.000000
4446.891113 0.000000 2253.527344 0.000000 0.000000 0.000000 1.000000 1.000000 1.000000 1.000000
4608.111328 0.000000 2327.792480 0.000000 0.000000 0.000000 1.000000 1.000000 1.000000 1.000000
4732.845215 0.000000 2292.878174 0.000000 0.000000 0.000000 1.000000 1.000000 1.000000 1.000000
4520.635742 0.000000 1876.613037 0.000000 0.000000 0.000000 1.000000 1.000000 1.000000 1.000000
4544.629883 0.000000 1749.943115 0.000000 0.000000 0.000000 1.000000 1.000000 1.000000 1.000000
4670.843750 0.000000 1672.275635 0.000000 0.000000 0.000000 1.000000 1.000000 1.000000 1.000000
4755.025879 0.000000 1811.967896 0.000000 0.000000 0.000000 1.000000 1.000000 1.000000 1.000000
4677.978516 0.000000 1913.414795 0.000000 0.000000 0.000000 1.000000 1.000000 1.000000 1.000000
4741.581055 0.000000 2032.322876 0.000000 0.000000 0.000000 1.000000 1.000000 1.000000 1.000000
4733.824707 0.000000 2162.384033 0.000000 0.000000 0.000000 1.000000 1.000000 1.000000 1.000000
4686.891113 0.000000 2287.999512 0.000000 0.000000 0.000000 1.000000 1.000000 1.000000 1.000000
4908.219727 0.000000 1875.261963 0.000000 0.000000 0.000000 1.000000 1.000000 1.000000 1.000000
4867.881348 0.000000 1985.285034 0.000000 0.000000 0.000000 1.000000 1.000000 1.000000 1.000000
4854.691895 0.000000 2118.214355 0.000000 0.000000 0.000000 1.000000 1.000000 1.000000 1.000000
4819.520508 0.000000 2197.260498 0.000000 0.000000 0.000000 1.000000 1.000000 1.000000 1.000000
5115.661133 0.000000 1796.731934 0.000000 0.000000 0.000000 1.000000 1.000000 1.000000 1.000000
5217.000000 0.000000 1836.213623 0.000000 0.000000 0.000000 1.000000 1.000000 1.000000 1.000000
5327.480957 0.000000 1962.728516 0.000000 0.000000 0.000000 1.000000 1.000000 1.000000 1.000000
5327.630371 0.000000 2056.844971 0.000000 0.000000 0.000000 1.000000 1.000000 1.000000 1.000000
5164.189453 0.000000 1955.322998 0.000000 0.000000 0.000000 1.000000 1.000000 1.000000 1.000000
5069.662109 0.000000 1909.970215 0.000000 0.000000 0.000000 1.000000 1.000000 1.000000 1.000000
5008.446289 0.000000 2027.878296 0.000000 0.000000 0.000000 1.000000 1.000000 1.000000 1.000000
5072.882324 0.000000 2076.359131 0.000000 0.000000 0.000000 1.000000 1.000000 1.000000 1.000000
5118.101074 0.000000 2187.082275 0.000000 0.000000 0.000000 1.000000 1.000000 1.000000 1.000000
4947.111328 0.000000 2264.682617 0.000000 0.000000 0.000000 1.000000 1.000000 1.000000 1.000000
4996.570312 0.000000 2373.478760 0.000000 0.000000 0.000000 1.000000 1.000000 1.000000 1.000000
4985.060547 0.000000 2482.772461 0.000000 0.000000 0.000000 1.000000 1.000000 1.000000 1.000000
5546.036133 0.000000 2332.060547 0.000000 0.000000 0.000000 1.000000 1.000000 1.000000 1.000000
5516.864746 0.000000 2161.326904 0.000000 0.000000 0.000000 1.000000 1.000000 1.000000 1.000000
5419.423340 0.000000 2307.533203 0.000000 0.000000 0.000000 1.000000 1.000000 1.000000 1.000000
5350.565918 0.000000 2447.915039 0.000000 0.000000 0.000000 1.000000 1.000000 1.000000 1.000000
5521.604980 0.000000 2521.479492 0.000000 0.000000 0.000000 1.000000 1.000000 1.000000 1.000000
5355.176758 0.000000 2668.864990 0.000000 0.000000 0.000000 1.000000 1.000000 1.000000 1.000000
5530.791504 0.000000 2681.044189 0.000000 0.000000 0.000000 1.000000 1.000000 1.000000 1.000000
5655.910156 0.000000 2826.967773 0.000000 0.000000 0.000000 1.000000 1.000000 1.000000 1.000000
5606.407715 0.000000 2941.906250 0.000000 0.000000 0.000000 1.000000 1.000000 1.000000 1.000000
5341.958008 0.000000 2964.811035 0.000000 0.000000 0.000000 1.000000 1.000000 1.000000 1.000000
5876.916016 0.000000 2967.069092 0.000000 0.000000 0.000000 1.000000 1.000000 1.000000 1.000000
5847.834473 0.000000 2842.385742 0.000000 0.000000 0.000000 1.000000 1.000000 1.000000 1.000000
5931.520996 0.000000 2590.944336 0.000000 0.000000 0.000000 1.000000 1.000000 1.000000 1.000000
6030.008301 0.000000 2642.926025 0.000000 0.000000 0.000000 1.000000 1.000000 1.000000 1.000000
6450.571289 0.000000 2619.769043 0.000000 0.000000 0.000000 1.000000 1.000000 1.000000 1.000000
6474.567383 0.000000 2733.777344 0.000000 0.000000 0.000000 1.000000 1.000000 1.000000 1.000000
6582.031738 0.000000 2805.572510 0.000000 0.000000 0.000000 1.000000 1.000000 1.000000 1.000000
5195.727051 0.000000 1618.965698 0.000000 0.000000 0.000000 1.000000 1.000000 1.000000 1.000000
5138.371582 0.000000 1550.609619 0.000000 0.000000 0.000000 1.000000 1.000000 1.000000 1.000000
4991.665527 0.000000 1324.415405 0.000000 0.000000 0.000000 1.000000 1.000000 1.000000 1.000000
4564.756836 0.000000 301.078308 0.000000 0.000000 0.000000 1.000000 1.000000 1.000000 1.000000
4632.541504 0.000000 393.013245 0.000000 0.000000 0.000000 1.000000 1.000000 1.000000 1.000000
4647.863281 0.000000 507.799194 0.000000 0.000000 0.000000 1.000000 1.000000 1.000000 1.000000
4559.536133 0.000000 625.544312 0.000000 0.000000 0.000000 1.000000 1.000000 1.000000 1.000000
4434.944824 0.000000 665.338013 0.000000 0.000000 0.000000 1.000000 1.000000 1.000000 1.000000
4420.778320 0.000000 740.119934 0.000000 0.000000 0.000000 1.000000 1.000000 1.000000 1.000000
4558.782715 0.000000 509.230896 0.000000 0.000000 0.000000 1.000000 1.000000 1.000000 1.000000
4528.506836 0.000000 342.425964 0.000000 0.000000 0.000000 1.000000 1.000000 1.000000 1.000000
2551.819092 0.000000 221.014404 0.000000 0.000000 0.000000 1.000000 1.000000 1.000000 1.000000
2580.634521 0.000000 357.696838 0.000000 0.000000 0.000000 1.000000 1.000000 1.000000 1.000000
2622.545898 0.000000 439.471497 0.000000 0.000000 0.000000 1.000000 1.000000 1.000000 1.000000
2564.709961 0.000000 547.779175 0.000000 0.000000 0.000000 1.000000 1.000000 1.000000 1.000000
2560.848633 0.000000 666.872864 0.000000 0.000000 0.000000 1.000000 1.000000 1.000000 1.000000
1738.764404 0.000000 3196.515381 0.000000 0.000000 0.000000 1.000000 1.000000 1.000000 1.000000
1739.604492 0.000000 3097.167480 0.000000 0.000000 0.000000 1.000000 1.000000 1.000000 1.000000
1783.144775 0.000000 3054.684082 0.000000 0.000000 0.000000 1.000000 1.000000 1.000000 1.000000
1741.723633 0.000000 2902.962402 0.000000 0.000000 0.000000 1.000000 1.000000 1.000000 1.000000
1756.762695 0.000000 2812.274170 0.000000 0.000000 0.000000 1.000000 1.000000 1.000000 1.000000
1727.539062 0.000000 2580.960449 0.000000 0.000000 0.000000 1.000000 1.000000 1.000000 1.000000
1688.292236 0.000000 2721.134766 0.000000 0.000000 0.000000 1.000000 1.000000 1.000000 1.000000
1619.208374 0.000000 2815.689941 0.000000 0.000000 0.000000 1.000000 1.000000 1.000000 1.000000
1498.320312 0.000000 2838.928711 0.000000 0.000000 0.000000 1.000000 1.000000 1.000000 1.000000
1558.608154 0.000000 2709.063232 0.000000 0.000000 0.000000 1.000000 1.000000 1.000000 1.000000
1510.653076 0.000000 3051.326172 0.000000 0.000000 0.000000 1.000000 1.000000 1.000000 1.000000
1432.059326 0.000000 3120.780273 0.000000 0.000000 0.000000 1.000000 1.000000 1.000000 1.000000
1622.087158 0.000000 3142.126953 0.000000 0.000000 0.000000 1.000000 1.000000 1.000000 1.000000
1377.371948 0.000000 3366.195068 0.000000 0.000000 0.000000 1.000000 1.000000 1.000000 1.000000
"}
object={
	name="amb_3D_field_emitter"
	clamp_to_water_level=no
	render_under_water=no
	generated_content=no
	layer="Audio_layer"
	entity="map_ambient_3D_field"
	count=44
	transform="4522.474609 0.000000 2890.581787 0.000000 0.000000 0.000000 1.000000 1.000000 1.000000 1.000000
4508.859375 0.000000 3064.596191 0.000000 0.000000 0.000000 1.000000 1.000000 1.000000 1.000000
4343.439941 0.000000 3108.679688 0.000000 0.000000 0.000000 1.000000 1.000000 1.000000 1.000000
4211.278320 0.000000 3003.081543 0.000000 0.000000 0.000000 1.000000 1.000000 1.000000 1.000000
4135.437988 0.000000 3039.922363 0.000000 0.000000 0.000000 1.000000 1.000000 1.000000 1.000000
4089.772461 0.000000 2935.835205 0.000000 0.000000 0.000000 1.000000 1.000000 1.000000 1.000000
4092.205322 0.000000 2786.984619 0.000000 0.000000 0.000000 1.000000 1.000000 1.000000 1.000000
4276.825195 0.000000 2828.625000 0.000000 0.000000 0.000000 1.000000 1.000000 1.000000 1.000000
4336.700684 0.000000 2827.256592 0.000000 0.000000 0.000000 1.000000 1.000000 1.000000 1.000000
4339.940918 0.000000 2776.201660 0.000000 0.000000 0.000000 1.000000 1.000000 1.000000 1.000000
4444.827148 0.000000 2686.573730 0.000000 0.000000 0.000000 1.000000 1.000000 1.000000 1.000000
4473.455566 0.000000 2670.137451 0.000000 0.000000 0.000000 1.000000 1.000000 1.000000 1.000000
4284.464355 0.000000 2657.223145 0.000000 0.000000 0.000000 1.000000 1.000000 1.000000 1.000000
4665.401367 0.000000 2701.885498 0.000000 0.000000 0.000000 1.000000 1.000000 1.000000 1.000000
4705.210938 0.000000 2706.282715 0.000000 0.000000 0.000000 1.000000 1.000000 1.000000 1.000000
4668.678711 0.000000 2821.574951 0.000000 0.000000 0.000000 1.000000 1.000000 1.000000 1.000000
4552.064453 0.000000 2842.672852 0.000000 0.000000 0.000000 1.000000 1.000000 1.000000 1.000000
4755.025879 0.000000 2924.275391 0.000000 0.000000 0.000000 1.000000 1.000000 1.000000 1.000000
4811.452148 0.000000 2949.826660 0.000000 0.000000 0.000000 1.000000 1.000000 1.000000 1.000000
4901.252930 0.000000 2940.227783 0.000000 0.000000 0.000000 1.000000 1.000000 1.000000 1.000000
4887.950195 0.000000 3003.481689 0.000000 0.000000 0.000000 1.000000 1.000000 1.000000 1.000000
4934.221191 0.000000 3067.152344 0.000000 0.000000 0.000000 1.000000 1.000000 1.000000 1.000000
4723.919434 0.000000 3089.985352 0.000000 0.000000 0.000000 1.000000 1.000000 1.000000 1.000000
4956.541992 0.000000 3161.967529 0.000000 0.000000 0.000000 1.000000 1.000000 1.000000 1.000000
4896.857910 0.000000 3230.232422 0.000000 0.000000 0.000000 1.000000 1.000000 1.000000 1.000000
4804.208984 0.000000 3190.000000 0.000000 0.000000 0.000000 1.000000 1.000000 1.000000 1.000000
4759.222656 0.000000 3221.289062 0.000000 0.000000 0.000000 1.000000 1.000000 1.000000 1.000000
4857.613770 0.000000 3305.648193 0.000000 0.000000 0.000000 1.000000 1.000000 1.000000 1.000000
4749.927734 0.000000 3361.634766 0.000000 0.000000 0.000000 1.000000 1.000000 1.000000 1.000000
4611.327148 0.000000 3253.478760 0.000000 0.000000 0.000000 1.000000 1.000000 1.000000 1.000000
4560.304688 0.000000 3220.033936 0.000000 0.000000 0.000000 1.000000 1.000000 1.000000 1.000000
4517.635742 0.000000 3174.448486 0.000000 0.000000 0.000000 1.000000 1.000000 1.000000 1.000000
4454.766113 0.000000 3138.387207 0.000000 0.000000 0.000000 1.000000 1.000000 1.000000 1.000000
4261.953613 0.000000 3157.472168 0.000000 0.000000 0.000000 1.000000 1.000000 1.000000 1.000000
4292.195801 0.000000 3274.209473 0.000000 0.000000 0.000000 1.000000 1.000000 1.000000 1.000000
4383.335938 0.000000 3299.277100 0.000000 0.000000 0.000000 1.000000 1.000000 1.000000 1.000000
3959.035400 0.000000 2552.879883 0.000000 0.000000 0.000000 1.000000 1.000000 1.000000 1.000000
3953.449707 0.000000 2622.190918 0.000000 0.000000 0.000000 1.000000 1.000000 1.000000 1.000000
3968.254639 0.000000 2704.025146 0.000000 0.000000 0.000000 1.000000 1.000000 1.000000 1.000000
4037.588379 0.000000 2621.114746 0.000000 0.000000 0.000000 1.000000 1.000000 1.000000 1.000000
4077.966064 0.000000 2715.124512 0.000000 0.000000 0.000000 1.000000 1.000000 1.000000 1.000000
4099.186035 0.000000 2803.430664 0.000000 0.000000 0.000000 1.000000 1.000000 1.000000 1.000000
4068.173584 0.000000 2896.850586 0.000000 0.000000 0.000000 1.000000 1.000000 1.000000 1.000000
4032.135254 0.000000 2962.247070 0.000000 0.000000 0.000000 1.000000 1.000000 1.000000 1.000000
"}
object={
	name="amb_3D_forest_emitter"
	clamp_to_water_level=no
	render_under_water=no
	generated_content=no
	layer="Audio_layer"
	entity="map_ambient_3D_forest"
	count=74
	transform="4551.770996 0.000000 3189.212646 0.000000 0.000000 0.000000 1.000000 1.000000 1.000000 1.000000
4587.330078 0.000000 3169.090088 0.000000 0.000000 0.000000 1.000000 1.000000 1.000000 1.000000
4615.517578 0.000000 3178.978271 0.000000 0.000000 0.000000 1.000000 1.000000 1.000000 1.000000
4639.946777 0.000000 3147.926758 0.000000 0.000000 0.000000 1.000000 1.000000 1.000000 1.000000
4672.716797 0.000000 3171.606934 0.000000 0.000000 0.000000 1.000000 1.000000 1.000000 1.000000
4673.959961 0.000000 3255.816406 0.000000 0.000000 0.000000 1.000000 1.000000 1.000000 1.000000
4731.840820 0.000000 3233.259766 0.000000 0.000000 0.000000 1.000000 1.000000 1.000000 1.000000
4702.804688 0.000000 3290.843994 0.000000 0.000000 0.000000 1.000000 1.000000 1.000000 1.000000
4676.559570 0.000000 3308.538574 0.000000 0.000000 0.000000 1.000000 1.000000 1.000000 1.000000
4664.302246 0.000000 3344.274170 0.000000 0.000000 0.000000 1.000000 1.000000 1.000000 1.000000
4696.676758 0.000000 3366.626465 0.000000 0.000000 0.000000 1.000000 1.000000 1.000000 1.000000
4665.178711 0.000000 3393.750244 0.000000 0.000000 0.000000 1.000000 1.000000 1.000000 1.000000
4662.458984 0.000000 3428.198730 0.000000 0.000000 0.000000 1.000000 1.000000 1.000000 1.000000
4726.425293 0.000000 3393.643066 0.000000 0.000000 0.000000 1.000000 1.000000 1.000000 1.000000
4740.658691 0.000000 3433.070557 0.000000 0.000000 0.000000 1.000000 1.000000 1.000000 1.000000
4767.612305 0.000000 3436.214844 0.000000 0.000000 0.000000 1.000000 1.000000 1.000000 1.000000
4803.493652 0.000000 3458.507324 0.000000 0.000000 0.000000 1.000000 1.000000 1.000000 1.000000
4793.189453 0.000000 3381.970215 0.000000 0.000000 0.000000 1.000000 1.000000 1.000000 1.000000
4823.888672 0.000000 3398.343750 0.000000 0.000000 0.000000 1.000000 1.000000 1.000000 1.000000
4829.562500 0.000000 3443.238281 0.000000 0.000000 0.000000 1.000000 1.000000 1.000000 1.000000
4864.283203 0.000000 3425.727295 0.000000 0.000000 0.000000 1.000000 1.000000 1.000000 1.000000
4889.400391 0.000000 3368.258789 0.000000 0.000000 0.000000 1.000000 1.000000 1.000000 1.000000
4835.015625 0.000000 3297.694336 0.000000 0.000000 0.000000 1.000000 1.000000 1.000000 1.000000
4834.161133 0.000000 3256.831299 0.000000 0.000000 0.000000 1.000000 1.000000 1.000000 1.000000
4823.265625 0.000000 3217.945801 0.000000 0.000000 0.000000 1.000000 1.000000 1.000000 1.000000
4764.931641 0.000000 3293.712646 0.000000 0.000000 0.000000 1.000000 1.000000 1.000000 1.000000
4904.869629 0.000000 3293.230713 0.000000 0.000000 0.000000 1.000000 1.000000 1.000000 1.000000
4653.792969 0.000000 3095.921387 0.000000 0.000000 0.000000 1.000000 1.000000 1.000000 1.000000
4672.637207 0.000000 3023.042969 0.000000 0.000000 0.000000 1.000000 1.000000 1.000000 1.000000
4261.808105 0.000000 3064.934570 0.000000 0.000000 0.000000 1.000000 1.000000 1.000000 1.000000
4221.856934 0.000000 3037.111816 0.000000 0.000000 0.000000 1.000000 1.000000 1.000000 1.000000
4331.706543 0.000000 2996.481201 0.000000 0.000000 0.000000 1.000000 1.000000 1.000000 1.000000
4115.054688 0.000000 2853.725586 0.000000 0.000000 0.000000 1.000000 1.000000 1.000000 1.000000
4068.528076 0.000000 2810.280762 0.000000 0.000000 0.000000 1.000000 1.000000 1.000000 1.000000
3901.231689 0.000000 2753.478271 0.000000 0.000000 0.000000 1.000000 1.000000 1.000000 1.000000
4005.856934 0.000000 3144.834473 0.000000 0.000000 0.000000 1.000000 1.000000 1.000000 1.000000
4011.517822 0.000000 3225.374512 0.000000 0.000000 0.000000 1.000000 1.000000 1.000000 1.000000
3874.295654 0.000000 3228.118652 0.000000 0.000000 0.000000 1.000000 1.000000 1.000000 1.000000
4421.447266 0.000000 3330.621582 0.000000 0.000000 0.000000 1.000000 1.000000 1.000000 1.000000
4446.511719 0.000000 3397.569336 0.000000 0.000000 0.000000 1.000000 1.000000 1.000000 1.000000
4417.867188 0.000000 3469.707520 0.000000 0.000000 0.000000 1.000000 1.000000 1.000000 1.000000
4357.062988 0.000000 3460.741699 0.000000 0.000000 0.000000 1.000000 1.000000 1.000000 1.000000
4273.398926 0.000000 3423.062012 0.000000 0.000000 0.000000 1.000000 1.000000 1.000000 1.000000
4354.698242 0.000000 3530.267090 0.000000 0.000000 0.000000 1.000000 1.000000 1.000000 1.000000
4312.137207 0.000000 3531.729980 0.000000 0.000000 0.000000 1.000000 1.000000 1.000000 1.000000
4440.854980 0.000000 3533.628906 0.000000 0.000000 0.000000 1.000000 1.000000 1.000000 1.000000
4444.196777 0.000000 3591.076660 0.000000 0.000000 0.000000 1.000000 1.000000 1.000000 1.000000
4400.143066 0.000000 3601.070312 0.000000 0.000000 0.000000 1.000000 1.000000 1.000000 1.000000
4476.823242 0.000000 3612.719971 0.000000 0.000000 0.000000 1.000000 1.000000 1.000000 1.000000
4491.094727 0.000000 3657.100830 0.000000 0.000000 0.000000 1.000000 1.000000 1.000000 1.000000
4449.842285 0.000000 3673.588867 0.000000 0.000000 0.000000 1.000000 1.000000 1.000000 1.000000
4492.112305 0.000000 3727.106934 0.000000 0.000000 0.000000 1.000000 1.000000 1.000000 1.000000
4544.631836 0.000000 3691.840820 0.000000 0.000000 0.000000 1.000000 1.000000 1.000000 1.000000
4555.259277 0.000000 3757.801758 0.000000 0.000000 0.000000 1.000000 1.000000 1.000000 1.000000
4479.683594 0.000000 3778.307129 0.000000 0.000000 0.000000 1.000000 1.000000 1.000000 1.000000
4578.876953 0.000000 3781.027100 0.000000 0.000000 0.000000 1.000000 1.000000 1.000000 1.000000
4576.374023 0.000000 3865.893066 0.000000 0.000000 0.000000 1.000000 1.000000 1.000000 1.000000
4635.476074 0.000000 3810.989746 0.000000 0.000000 0.000000 1.000000 1.000000 1.000000 1.000000
4665.809082 0.000000 3763.621826 0.000000 0.000000 0.000000 1.000000 1.000000 1.000000 1.000000
4704.309082 0.000000 3844.565430 0.000000 0.000000 0.000000 1.000000 1.000000 1.000000 1.000000
4753.250977 0.000000 3832.322021 0.000000 0.000000 0.000000 1.000000 1.000000 1.000000 1.000000
4719.733398 0.000000 3933.820801 0.000000 0.000000 0.000000 1.000000 1.000000 1.000000 1.000000
4799.761719 0.000000 3814.831787 0.000000 0.000000 0.000000 1.000000 1.000000 1.000000 1.000000
4735.811035 0.000000 3738.677490 0.000000 0.000000 0.000000 1.000000 1.000000 1.000000 1.000000
4693.035156 0.000000 3705.514893 0.000000 0.000000 0.000000 1.000000 1.000000 1.000000 1.000000
4658.896973 0.000000 3665.057861 0.000000 0.000000 0.000000 1.000000 1.000000 1.000000 1.000000
4641.001953 0.000000 3607.478760 0.000000 0.000000 0.000000 1.000000 1.000000 1.000000 1.000000
4641.276367 0.000000 3534.861084 0.000000 0.000000 0.000000 1.000000 1.000000 1.000000 1.000000
4615.193359 0.000000 3491.979492 0.000000 0.000000 0.000000 1.000000 1.000000 1.000000 1.000000
4744.253418 0.000000 3498.802002 0.000000 0.000000 0.000000 1.000000 1.000000 1.000000 1.000000
4811.724121 0.000000 3583.294922 0.000000 0.000000 0.000000 1.000000 1.000000 1.000000 1.000000
4864.051270 0.000000 3534.673828 0.000000 0.000000 0.000000 1.000000 1.000000 1.000000 1.000000
4887.674805 0.000000 3610.407471 0.000000 0.000000 0.000000 1.000000 1.000000 1.000000 1.000000
4918.436523 0.000000 3514.674316 0.000000 0.000000 0.000000 1.000000 1.000000 1.000000 1.000000
"}
object={
	name="amb_3D_mountain_emitter"
	clamp_to_water_level=no
	render_under_water=no
	generated_content=no
	layer="Audio_layer"
	entity="map_ambient_3D_mountain"
	count=62
	transform="4286.060059 0.000000 2897.808105 0.000000 0.000000 0.000000 1.000000 1.000000 1.000000 1.000000
4318.229004 0.000000 2899.349365 0.000000 0.000000 0.000000 1.000000 1.000000 1.000000 1.000000
4350.402344 0.000000 2912.107910 0.000000 0.000000 0.000000 1.000000 1.000000 1.000000 1.000000
4383.714355 0.000000 2921.500977 0.000000 0.000000 0.000000 1.000000 1.000000 1.000000 1.000000
4404.800781 0.000000 2930.219482 0.000000 0.000000 0.000000 1.000000 1.000000 1.000000 1.000000
4269.880371 0.000000 2889.716064 0.000000 0.000000 0.000000 1.000000 1.000000 1.000000 1.000000
4246.006348 0.000000 2869.648682 0.000000 0.000000 0.000000 1.000000 1.000000 1.000000 1.000000
4240.205078 0.000000 2849.656250 0.000000 0.000000 0.000000 1.000000 1.000000 1.000000 1.000000
4227.865234 0.000000 2829.662354 0.000000 0.000000 0.000000 1.000000 1.000000 1.000000 1.000000
4236.311523 0.000000 2805.241943 0.000000 0.000000 0.000000 1.000000 1.000000 1.000000 1.000000
4323.105469 0.000000 2935.366455 0.000000 0.000000 0.000000 1.000000 1.000000 1.000000 1.000000
4345.231934 0.000000 2880.573975 0.000000 0.000000 0.000000 1.000000 1.000000 1.000000 1.000000
4120.598145 0.000000 2739.747559 0.000000 0.000000 0.000000 1.000000 1.000000 1.000000 1.000000
4094.029541 0.000000 2748.001709 0.000000 0.000000 0.000000 1.000000 1.000000 1.000000 1.000000
4065.124023 0.000000 2761.283691 0.000000 0.000000 0.000000 1.000000 1.000000 1.000000 1.000000
4010.874756 0.000000 3264.550049 0.000000 0.000000 0.000000 1.000000 1.000000 1.000000 1.000000
3980.899658 0.000000 3286.257324 0.000000 0.000000 0.000000 1.000000 1.000000 1.000000 1.000000
3977.071533 0.000000 3324.700195 0.000000 0.000000 0.000000 1.000000 1.000000 1.000000 1.000000
3967.457031 0.000000 3333.828857 0.000000 0.000000 0.000000 1.000000 1.000000 1.000000 1.000000
3988.039307 0.000000 3353.134277 0.000000 0.000000 0.000000 1.000000 1.000000 1.000000 1.000000
3953.059814 0.000000 3349.418701 0.000000 0.000000 0.000000 1.000000 1.000000 1.000000 1.000000
3949.693848 0.000000 3372.455322 0.000000 0.000000 0.000000 1.000000 1.000000 1.000000 1.000000
3958.068115 0.000000 3389.606201 0.000000 0.000000 0.000000 1.000000 1.000000 1.000000 1.000000
3961.184326 0.000000 3416.489502 0.000000 0.000000 0.000000 1.000000 1.000000 1.000000 1.000000
4243.048828 0.000000 3471.121094 0.000000 0.000000 0.000000 1.000000 1.000000 1.000000 1.000000
4266.203125 0.000000 3491.991699 0.000000 0.000000 0.000000 1.000000 1.000000 1.000000 1.000000
4271.929199 0.000000 3524.180176 0.000000 0.000000 0.000000 1.000000 1.000000 1.000000 1.000000
4276.057129 0.000000 3555.102783 0.000000 0.000000 0.000000 1.000000 1.000000 1.000000 1.000000
4255.276855 0.000000 3574.918945 0.000000 0.000000 0.000000 1.000000 1.000000 1.000000 1.000000
4290.060059 0.000000 3585.382324 0.000000 0.000000 0.000000 1.000000 1.000000 1.000000 1.000000
4308.895508 0.000000 3586.056641 0.000000 0.000000 0.000000 1.000000 1.000000 1.000000 1.000000
4327.162598 0.000000 3587.463379 0.000000 0.000000 0.000000 1.000000 1.000000 1.000000 1.000000
4366.011230 0.000000 3625.802979 0.000000 0.000000 0.000000 1.000000 1.000000 1.000000 1.000000
4363.013184 0.000000 3649.797119 0.000000 0.000000 0.000000 1.000000 1.000000 1.000000 1.000000
4379.972168 0.000000 3661.083496 0.000000 0.000000 0.000000 1.000000 1.000000 1.000000 1.000000
4384.123535 0.000000 3675.084473 0.000000 0.000000 0.000000 1.000000 1.000000 1.000000 1.000000
4385.185059 0.000000 3695.772461 0.000000 0.000000 0.000000 1.000000 1.000000 1.000000 1.000000
4409.847168 0.000000 3727.812256 0.000000 0.000000 0.000000 1.000000 1.000000 1.000000 1.000000
4415.140625 0.000000 3750.608154 0.000000 0.000000 0.000000 1.000000 1.000000 1.000000 1.000000
4414.914062 0.000000 3776.942383 0.000000 0.000000 0.000000 1.000000 1.000000 1.000000 1.000000
4415.042480 0.000000 3797.216064 0.000000 0.000000 0.000000 1.000000 1.000000 1.000000 1.000000
4439.898926 0.000000 3792.930420 0.000000 0.000000 0.000000 1.000000 1.000000 1.000000 1.000000
4446.854004 0.000000 3823.727783 0.000000 0.000000 0.000000 1.000000 1.000000 1.000000 1.000000
4454.186523 0.000000 3838.329102 0.000000 0.000000 0.000000 1.000000 1.000000 1.000000 1.000000
4473.509277 0.000000 3868.343750 0.000000 0.000000 0.000000 1.000000 1.000000 1.000000 1.000000
4487.111816 0.000000 3841.165039 0.000000 0.000000 0.000000 1.000000 1.000000 1.000000 1.000000
4500.335938 0.000000 3869.557617 0.000000 0.000000 0.000000 1.000000 1.000000 1.000000 1.000000
4499.868652 0.000000 3896.988525 0.000000 0.000000 0.000000 1.000000 1.000000 1.000000 1.000000
4525.379883 0.000000 3902.401123 0.000000 0.000000 0.000000 1.000000 1.000000 1.000000 1.000000
4526.335938 0.000000 3921.752686 0.000000 0.000000 0.000000 1.000000 1.000000 1.000000 1.000000
4532.078613 0.000000 3942.152832 0.000000 0.000000 0.000000 1.000000 1.000000 1.000000 1.000000
4606.273926 0.000000 2860.285400 0.000000 0.000000 0.000000 1.000000 1.000000 1.000000 1.000000
4656.141113 0.000000 2869.914307 0.000000 0.000000 0.000000 1.000000 1.000000 1.000000 1.000000
4656.568359 0.000000 2914.394043 0.000000 0.000000 0.000000 1.000000 1.000000 1.000000 1.000000
4638.643066 0.000000 2955.889160 0.000000 0.000000 0.000000 1.000000 1.000000 1.000000 1.000000
4616.642578 0.000000 2995.181885 0.000000 0.000000 0.000000 1.000000 1.000000 1.000000 1.000000
4514.758789 0.000000 3009.206055 0.000000 0.000000 0.000000 1.000000 1.000000 1.000000 1.000000
3700.792480 0.000000 3769.276123 0.000000 0.000000 0.000000 1.000000 1.000000 1.000000 1.000000
3619.623291 0.000000 3783.461426 0.000000 0.000000 0.000000 1.000000 1.000000 1.000000 1.000000
3661.113525 0.000000 3838.595215 0.000000 0.000000 0.000000 1.000000 1.000000 1.000000 1.000000
3997.896484 0.000000 2682.071045 0.000000 0.000000 0.000000 1.000000 1.000000 1.000000 1.000000
4013.184326 0.000000 2541.837402 0.000000 0.000000 0.000000 1.000000 1.000000 1.000000 1.000000
"}
object={
	name="amb_3D_ocean_emitter"
	clamp_to_water_level=yes
	render_under_water=no
	generated_content=no
	layer="Audio_layer"
	entity="map_ambient_3D_ocean"
	count=1
	transform="0.000000 0.000000 0.000000 -0.000000 -0.000000 -0.000000 1.000000 1.000000 1.000000 1.000000
"}
object={
	name="amb_3D_river_emitter"
	clamp_to_water_level=no
	render_under_water=no
	generated_content=no
	layer="Audio_layer"
	entity="map_ambient_3D_river"
	count=23
	transform="4190.703125 0.000000 3108.122070 0.000000 0.000000 0.000000 1.000000 1.000000 1.000000 1.000000
4230.707520 0.000000 3098.450439 0.000000 0.000000 0.000000 1.000000 1.000000 1.000000 1.000000
4282.757324 0.000000 3164.973633 0.000000 0.000000 0.000000 1.000000 1.000000 1.000000 1.000000
4316.972168 0.000000 3177.572266 0.000000 0.000000 0.000000 1.000000 1.000000 1.000000 1.000000
4511.698242 0.000000 3200.614746 0.000000 0.000000 0.000000 1.000000 1.000000 1.000000 1.000000
4640.322266 0.000000 3315.638428 0.000000 0.000000 0.000000 1.000000 1.000000 1.000000 1.000000
4779.504883 0.000000 3462.289062 0.000000 0.000000 0.000000 1.000000 1.000000 1.000000 1.000000
4863.403320 0.000000 3511.715332 0.000000 0.000000 0.000000 1.000000 1.000000 1.000000 1.000000
4993.346680 0.000000 2921.132324 0.000000 0.000000 0.000000 1.000000 1.000000 1.000000 1.000000
4827.032227 0.000000 2900.992432 0.000000 0.000000 0.000000 1.000000 1.000000 1.000000 1.000000
4744.000488 0.000000 2846.116211 0.000000 0.000000 0.000000 1.000000 1.000000 1.000000 1.000000
4777.614746 0.000000 2321.929932 0.000000 0.000000 0.000000 1.000000 1.000000 1.000000 1.000000
4804.079590 0.000000 2313.250000 0.000000 0.000000 0.000000 1.000000 1.000000 1.000000 1.000000
4794.637695 0.000000 2281.377441 0.000000 0.000000 0.000000 1.000000 1.000000 1.000000 1.000000
4782.032227 0.000000 2207.595703 0.000000 0.000000 0.000000 1.000000 1.000000 1.000000 1.000000
5177.888672 0.000000 2296.629883 0.000000 0.000000 0.000000 1.000000 1.000000 1.000000 1.000000
5154.630859 0.000000 2341.326416 0.000000 0.000000 0.000000 1.000000 1.000000 1.000000 1.000000
2875.793945 0.000000 1684.961182 0.000000 0.000000 0.000000 1.000000 1.000000 1.000000 1.000000
2839.448975 0.000000 1662.503296 0.000000 0.000000 0.000000 1.000000 1.000000 1.000000 1.000000
4747.734375 0.000000 3570.956543 0.000000 0.000000 0.000000 1.000000 1.000000 1.000000 1.000000
4664.266113 0.000000 3551.016602 0.000000 0.000000 0.000000 1.000000 1.000000 1.000000 1.000000
4705.038086 0.000000 3665.039551 0.000000 0.000000 0.000000 1.000000 1.000000 1.000000 1.000000
4615.056152 0.000000 3528.755127 0.000000 0.000000 0.000000 1.000000 1.000000 1.000000 1.000000
"}
