object={
	name="western_windmill"
	clamp_to_water_level=no
	render_under_water=yes
	generated_content=no
	layer="monument_layer"
	entity="western_windmill_entity"
	count=81
	transform="4088.124023 0.000000 3021.254150 0.000000 0.000000 0.000000 1.000000 1.000000 1.000000 1.000000
4186.003906 0.000000 3282.409180 0.000000 -0.999883 0.000000 0.015315 1.000000 1.000000 1.000000
4183.753906 0.000000 3278.690674 0.000000 -0.999883 0.000000 0.015315 1.000000 1.000000 1.000000
4181.337891 0.000000 3274.804443 0.000000 -0.999883 0.000000 0.015315 1.000000 1.000000 1.000000
4092.522461 0.000000 3023.572754 0.000000 0.644530 0.000000 0.764579 1.000000 1.000000 1.000000
4097.748047 0.000000 3018.309570 0.000000 -0.365080 0.000000 0.930976 1.000000 1.000000 1.000000
4079.621338 0.000000 3036.856934 0.000000 0.955988 0.000000 0.293404 1.000000 1.000000 1.000000
4116.739746 0.000000 3011.243896 0.000000 0.313704 0.000000 0.949521 1.000000 1.000000 1.000000
4113.252441 0.000000 2997.011719 0.000000 -0.429858 0.000000 0.902896 1.000000 1.000000 1.000000
4133.789551 0.000000 2999.734131 0.000000 0.000000 0.000000 1.000000 1.000000 1.000000 1.000000
4158.094238 0.000000 2991.114746 0.000000 0.740820 0.000000 0.671704 1.000000 1.000000 1.000000
4200.758789 0.000000 3000.713379 0.000000 0.819554 0.000000 0.573002 1.000000 1.000000 1.000000
4187.141113 0.000000 3011.603760 0.000000 0.484880 0.000000 0.874581 1.000000 1.000000 1.000000
4235.070312 0.000000 3314.775879 0.000000 0.249059 0.000000 0.968488 1.000000 1.000000 1.000000
4219.914551 0.000000 3283.179932 0.000000 -0.812605 0.000000 0.582814 1.000000 1.000000 1.000000
3970.591553 0.000000 3243.991943 0.000000 0.829073 0.000000 0.559141 1.000000 1.000000 1.000000
4006.774170 0.000000 3258.355957 0.000000 0.189670 0.000000 0.981848 1.000000 1.000000 1.000000
4016.728760 0.000000 3279.154785 0.000000 0.672724 0.000000 0.739893 1.000000 1.000000 1.000000
4061.735596 0.000000 3261.667480 0.000000 0.811626 0.000000 0.584178 1.000000 1.000000 1.000000
4087.371826 0.000000 3292.592041 0.000000 0.837658 0.000000 0.546195 1.000000 1.000000 1.000000
4075.378662 0.000000 3290.088379 0.000000 0.384263 0.000000 0.923224 1.000000 1.000000 1.000000
4041.766602 0.000000 3320.104004 0.000000 0.930911 0.000000 0.365246 1.000000 1.000000 1.000000
4058.070801 0.000000 3326.216064 0.000000 0.000000 0.000000 1.000000 1.000000 1.000000 1.000000
4021.828857 0.000000 3336.617676 0.000000 0.693626 0.000000 0.720336 1.000000 1.000000 1.000000
4024.207031 0.000000 3399.428467 0.000000 0.007202 0.000000 0.999974 1.000000 1.000000 1.000000
3890.742676 0.000000 3351.658936 0.000000 0.799439 0.000000 0.600747 1.000000 1.000000 1.000000
3900.534912 0.000000 3338.263916 0.000000 0.944033 0.000000 0.329852 1.000000 1.000000 1.000000
3883.121094 0.000000 3319.195557 0.000000 0.390762 0.000000 0.920492 1.000000 1.000000 1.000000
3862.043213 0.000000 3352.119385 0.000000 0.884000 0.000000 0.467487 1.000000 1.000000 1.000000
4053.264648 0.000000 3103.094727 0.000000 0.268779 0.000000 0.963202 1.000000 1.000000 1.000000
4123.135742 0.000000 3146.531738 0.000000 0.896991 0.000000 0.442049 1.000000 1.000000 1.000000
4161.393555 0.000000 3220.856689 0.000000 -0.971686 0.000000 -0.236274 1.000000 1.000000 1.000000
4225.494629 0.000000 3239.104736 0.000000 -0.279784 0.000000 0.960063 1.000000 1.000000 1.000000
4278.926758 0.000000 3337.232422 0.000000 -0.967478 0.000000 0.252954 1.000000 1.000000 1.000000
4295.553223 0.000000 3292.114258 0.000000 -0.967476 0.000000 -0.252963 1.000000 1.000000 1.000000
4248.398926 0.000000 3270.408203 0.000000 -0.467267 0.000000 -0.884116 1.000000 1.000000 1.000000
4200.019043 0.000000 3176.250488 0.000000 0.274976 0.000000 0.961451 1.000000 1.000000 1.000000
4173.018555 0.000000 3091.698975 0.000000 0.905712 0.000000 0.423893 1.000000 1.000000 1.000000
4090.496582 0.000000 3178.598145 0.000000 0.998657 0.000000 -0.051800 1.000000 1.000000 1.000000
3992.284180 0.000000 3158.423096 0.000000 0.912350 0.000000 0.409412 1.000000 1.000000 1.000000
4111.610352 0.000000 3090.671143 0.000000 0.186163 0.000000 0.982519 1.000000 1.000000 1.000000
4321.499512 0.000000 3351.044189 0.000000 -0.836355 0.000000 0.548188 1.000000 1.000000 1.000000
4310.099121 0.000000 3474.562256 0.000000 -0.986270 0.000000 -0.165138 1.000000 1.000000 1.000000
4324.443359 0.000000 3395.237549 0.000000 0.165254 0.000000 0.986251 1.000000 1.000000 1.000000
4279.266602 0.000000 3386.904541 0.000000 -0.934973 0.000000 -0.354720 1.000000 1.000000 1.000000
4321.445312 0.000000 3243.216309 0.000000 0.847453 0.000000 0.530870 1.000000 1.000000 1.000000
4270.304688 0.000000 3240.382568 0.000000 0.545943 0.000000 0.837822 1.000000 1.000000 1.000000
4379.354004 0.000000 3254.272705 0.000000 0.612372 0.000000 0.790570 1.000000 1.000000 1.000000
4357.862305 0.000000 3318.752686 0.000000 -0.504189 0.000000 0.863593 1.000000 1.000000 1.000000
4385.816406 0.000000 3362.400879 0.000000 -0.942033 0.000000 0.335521 1.000000 1.000000 1.000000
4489.890625 0.000000 3322.304199 0.000000 0.922967 0.000000 0.384878 1.000000 1.000000 1.000000
3944.847900 0.000000 2865.980957 0.000000 0.989871 0.000000 0.141970 1.000000 1.000000 1.000000
3990.201416 0.000000 2888.641113 0.000000 0.000000 0.000000 1.000000 1.000000 1.000000 1.000000
4017.510498 0.000000 2898.352539 0.000000 0.744844 0.000000 0.667238 1.000000 1.000000 1.000000
4041.303955 0.000000 2946.866455 0.000000 -0.745740 0.000000 0.666238 1.000000 1.000000 1.000000
4024.290039 0.000000 2979.913330 0.000000 -0.904362 0.000000 0.426766 1.000000 1.000000 1.000000
3896.319580 0.000000 2981.514893 0.000000 -0.997582 0.000000 -0.069498 1.000000 1.000000 1.000000
3883.488281 0.000000 2945.069092 0.000000 0.801068 0.000000 0.598574 1.000000 1.000000 1.000000
3883.313721 0.000000 2843.121582 0.000000 -0.885522 0.000000 0.464598 1.000000 1.000000 1.000000
3893.590332 0.000000 2848.334473 0.000000 0.923682 0.000000 0.383160 1.000000 1.000000 1.000000
3915.280518 0.000000 2796.666016 0.000000 0.208929 0.000000 0.977931 1.000000 1.000000 1.000000
3891.066895 0.000000 2795.397705 0.000000 0.994501 0.000000 -0.104731 1.000000 1.000000 1.000000
3955.700195 0.000000 2785.644043 0.000000 0.905609 0.000000 0.424114 1.000000 1.000000 1.000000
3959.739258 0.000000 2804.173340 0.000000 0.496526 0.000000 0.868022 1.000000 1.000000 1.000000
3984.578125 0.000000 2814.840088 0.000000 0.833534 0.000000 0.552468 1.000000 1.000000 1.000000
4057.549316 0.000000 2825.445312 0.000000 0.324406 0.000000 0.945918 1.000000 1.000000 1.000000
4059.953125 0.000000 2816.813232 0.000000 0.707000 0.000000 0.707213 1.000000 1.000000 1.000000
4072.166504 0.000000 2850.732178 0.000000 -0.147531 0.000000 0.989057 1.000000 1.000000 1.000000
4072.821777 0.000000 2868.979248 0.000000 0.184424 0.000000 0.982847 1.000000 1.000000 1.000000
4098.110840 0.000000 2916.177002 0.000000 0.450028 0.000000 0.893014 1.000000 1.000000 1.000000
4113.753418 0.000000 2924.285400 0.000000 0.807452 0.000000 0.589934 1.000000 1.000000 1.000000
4123.182617 0.000000 2934.532959 0.000000 0.000000 0.000000 1.000000 1.000000 1.000000 1.000000
4070.624512 0.000000 2934.205566 0.000000 0.834191 0.000000 0.551476 1.000000 1.000000 1.000000
4147.270020 0.000000 3111.441406 0.000000 0.000000 0.000000 1.000000 1.000000 1.000000 1.000000
4145.284668 0.000000 3150.369141 0.000000 -0.735833 0.000000 -0.677163 1.000000 1.000000 1.000000
4187.763184 0.000000 3135.763916 0.000000 0.494671 0.000000 0.869080 1.000000 1.000000 1.000000
4204.940430 0.000000 3121.693848 0.000000 -0.675805 0.000000 -0.737080 1.000000 1.000000 1.000000
4219.245605 0.000000 3176.006348 0.000000 -0.929294 0.000000 -0.369342 1.000000 1.000000 1.000000
4206.501465 0.000000 3235.422852 0.000000 0.387641 0.000000 0.921810 1.000000 1.000000 1.000000
4287.656738 0.000000 3249.100830 0.000000 0.882971 0.000000 0.469428 1.000000 1.000000 1.000000
4263.118164 0.000000 3317.696289 0.000000 0.676172 0.000000 0.736744 1.000000 1.000000 1.000000
"}
