object={
	name="lakes"
	clamp_to_water_level=no
	render_under_water=no
	generated_content=no
	layer="lake_layer"
	pdxmesh="lake_mesh"
	count=39
	transform="4294.569824 0.400000 3123.399902 0.000000 0.000000 0.000000 1.000000 6.689241 6.689241 12.634847
4231.303223 0.400000 3084.000000 0.000000 0.000000 0.000000 1.000000 7.704896 7.704896 7.704896
6292.464355 1.500000 2728.935547 0.000000 0.000000 0.000000 1.000000 11.965565 11.965565 11.965565
6352.223145 1.500000 2790.703613 0.000000 0.306451 0.000000 0.951886 22.735498 22.735498 22.735498
6087.897949 1.500000 2653.486816 0.000000 0.772799 0.000000 0.634651 21.774611 21.774611 21.774611
6115.451172 1.500000 2689.660400 0.000000 0.000000 0.000000 1.000000 15.965185 15.965185 15.965185
6005.387695 1.500000 2628.388916 0.000000 0.053685 0.000000 0.998558 16.001486 16.001486 16.001486
6028.565430 1.500000 2636.214111 0.000000 0.860968 0.000000 0.508658 17.192192 17.192192 17.192192
6128.042480 1.500000 2618.148682 0.000000 -0.158870 0.000000 0.987300 17.912865 17.912865 17.912865
5929.257324 1.500000 2618.238525 0.000000 -0.764247 0.000000 0.644924 11.405277 11.405277 11.405277
7686.737793 1.000000 3380.148438 0.000000 -0.248882 0.000000 0.968534 6.785481 6.785481 6.785481
4550.400879 1.200000 2898.738281 0.000000 -0.508978 0.000000 0.860780 5.310819 5.310819 5.310819
4555.169434 1.200000 2893.495605 0.000000 -0.453404 0.000000 0.891305 5.949883 5.949883 5.949883
5762.396973 1.200000 2287.901611 0.000000 -0.295217 0.000000 0.955430 7.646319 7.646319 7.646319
4948.460449 1.200000 2755.011719 0.000000 0.298947 0.000000 0.954269 14.867154 14.867154 14.867154
5113.546875 1.200000 2805.433350 0.000000 0.630116 0.000000 0.776502 15.962558 15.962558 15.962558
5052.891113 1.200000 2833.784668 0.000000 0.056184 0.000000 0.998420 14.884439 14.884439 14.884439
5106.515625 1.200000 2895.795898 0.000000 0.343849 0.000000 0.939025 7.268157 7.268157 7.268157
5053.814941 1.200000 2911.601318 0.000000 0.690784 0.000000 0.723061 4.291426 4.291426 4.291426
4836.671387 1.200000 2842.474609 0.000000 0.901027 0.000000 0.433763 19.793308 19.793308 19.793308
4806.214355 1.200000 2810.571533 0.000000 0.637715 0.000000 0.770272 8.256049 8.256049 8.256049
4790.322754 1.200000 2831.248291 0.000000 -0.691005 0.000000 0.722850 8.145144 8.145144 8.145144
5251.943359 1.200000 2712.033936 0.000000 0.133088 0.000000 0.991104 20.454185 20.454185 20.454185
5093.768555 1.200000 2734.023193 0.000000 0.358821 0.000000 0.933406 7.428752 7.428752 7.428752
5273.902832 1.200000 2682.870117 0.000000 0.298772 0.000000 0.954324 7.860478 7.860478 7.860478
5297.804199 1.200000 2714.985840 0.000000 -0.231107 0.000000 0.972928 9.426533 9.426533 9.426533
5314.864746 1.200000 2711.468506 0.000000 0.000000 0.000000 1.000000 7.996909 7.996909 7.996909
5321.626953 1.200000 2754.514160 0.000000 0.000000 0.000000 1.000000 9.791214 9.791214 9.791214
5295.913574 1.200000 2607.658447 0.000000 0.374210 0.000000 0.927344 13.502690 13.502690 13.502690
5300.901855 1.200000 2560.634521 0.000000 0.218856 0.000000 0.975757 11.059607 11.059607 11.059607
5332.465332 1.200000 2641.574219 0.000000 0.569298 0.000000 0.822131 7.874454 7.874454 7.874454
5507.857910 1.200000 2618.333496 0.000000 0.524237 0.000000 0.851572 11.173222 11.173222 11.173222
5476.415527 1.200000 2696.058594 0.000000 0.003784 0.000000 0.999993 15.973000 15.973000 15.973000
5404.455078 1.200000 2720.059082 0.000000 -0.251600 0.000000 0.967831 9.317241 9.317241 9.317241
8100.822754 1.200000 917.879578 0.000000 -0.378169 0.000000 0.925737 10.108831 10.108831 10.108831
7942.380371 1.200000 721.740906 0.000000 0.519499 0.000000 0.854471 9.753506 9.753506 9.753506
7955.655762 1.200000 745.368347 0.000000 0.818363 0.000000 0.574701 10.443678 10.443678 10.443678
7978.301758 1.200000 763.163574 0.000000 -0.593087 0.000000 0.805138 6.609912 6.609912 6.609912
7988.396484 1.200000 768.942444 0.000000 -0.481995 0.000000 0.876174 4.594350 4.594350 4.594350
"}
