object={
	name="volcanoes"
	clamp_to_water_level=no
	render_under_water=yes
	generated_content=no
	layer="monument_layer"
	pdxmesh="volcanic_caldera_01_mesh"
	count=9
	transform={
3852.902588 0.000000 2575.680664 -0.000000 -0.572855 -0.000000 0.819656 1.000000 1.000000 1.000000
3619.464600 0.000000 2839.965332 -0.000000 -0.000000 -0.000000 1.000000 1.000000 1.000000 1.000000
3761.127441 0.000000 2829.146484 -0.000000 0.198113 -0.000000 0.980179 1.000000 1.000000 1.000000
3818.533936 0.000000 2641.391602 -0.000000 -0.704016 -0.000000 0.710184 1.000000 1.000000 1.000000
3301.740967 0.000000 2291.935547 -0.000000 0.242019 -0.000000 0.970272 1.000000 1.000000 1.000000
3225.889160 0.000000 2234.990967 -0.000000 0.163930 -0.000000 0.986472 1.000000 1.000000 1.000000
2487.398682 0.000000 2045.122192 -0.000000 0.629333 -0.000000 0.777136 1.000000 1.000000 1.000000
1838.683350 0.000000 2276.330811 -0.000000 0.244209 -0.000000 0.969723 1.000000 1.000000 1.000000
1895.318115 0.000000 2002.453613 -0.000000 -0.866916 -0.000000 0.498455 1.000000 1.000000 1.000000
	}
}
